0,0.011,0,0,0.0
0.5,0.011,0,8,6.6000000000000005
1.0,0.013,0,8,4.800000000000001
1.5,0.011,0,7,1.8
2.0,0.013,0,7,0.0
2.5,0.013,0,7,0.0
3.0,0.015,0,7,0.0
3.5,0.013,0,7,0.0
4.0,0.016,0,8,0.0
4.5,0.015,0,8,0.0
5.0,0.018,0,10,0.0
5.5,0.016,0,11,0.0
6.0,0.016,0,11,0.0
6.5,0.016,1,16,0.0
7.0,0.016,1,21,0.0
7.5,0.016,1,23,0.0
8.0,0.015,1,25,0.0
8.5,0.016,1,26,0.0
9.0,0.016,1,28,0.0
9.5,0.016,1,30,0.0
10.0,0.016,1,32,3.0
10.5,0.015,1,34,5.4
11.0,0.016,2,39,7.300000000000001
11.5,0.015,2,40,7.9
12.0,0.016,2,44,7.9
12.5,0.018,2,46,7.9
13.0,0.018,2,50,7.300000000000001
13.5,0.016,2,52,6.6000000000000005
14.0,0.016,2,53,6.0
14.5,0.016,3,55,5.4
15.0,0.016,3,56,4.800000000000001
15.5,0.015,3,57,4.2
16.0,0.016,3,58,4.2
16.5,0.015,3,58,3.6
17.0,0.015,4,58,3.6
17.5,0.016,4,59,3.0
18.0,0.016,4,59,3.0
18.5,0.016,4,59,4.800000000000001
19.0,0.016,4,61,7.300000000000001
19.5,0.018,5,64,8.5
20.0,0.018,5,67,9.700000000000001
20.5,0.018,5,70,9.1
21.0,0.018,5,73,8.5
21.5,0.016,5,75,8.5
22.0,0.016,6,76,9.1
22.5,0.016,6,78,8.5
23.0,0.018,6,79,7.9
23.5,0.018,6,81,7.300000000000001
24.0,0.016,7,81,6.0
24.5,0.015,7,82,5.4
25.0,0.016,7,82,4.800000000000001
25.5,0.016,7,82,4.800000000000001
26.0,0.015,8,83,4.800000000000001
26.5,0.016,8,83,4.800000000000001
27.0,0.015,8,83,4.2
27.5,0.018,8,83,3.6
28.0,0.015,9,83,3.6
28.5,0.015,9,83,3.6
29.0,0.016,9,83,3.0
29.5,0.015,9,83,4.800000000000001
30.0,0.016,10,85,6.6000000000000005
30.5,0.016,10,88,7.9
31.0,0.019,10,91,8.5
31.5,0.019,10,92,9.1
32.0,0.018,11,96,8.5
32.5,0.016,11,97,8.5
33.0,0.016,11,99,7.9
33.5,0.016,12,100,5.4
34.0,0.019,12,101,4.2
34.5,0.018,12,102,3.6
35.0,0.016,13,103,3.0
35.5,0.015,13,104,2.4000000000000004
36.0,0.016,13,104,2.4000000000000004
36.5,0.015,14,104,2.4000000000000004
37.0,0.016,14,104,1.8
37.5,0.016,14,103,1.8
38.0,0.013,14,103,1.8
38.5,0.013,15,103,1.8
39.0,0.016,15,103,0.6000000000000001
39.5,0.015,15,104,0.0
40.0,0.019,16,105,0.0
40.5,0.018,16,108,0.0
41.0,0.018,16,112,0.0
41.5,0.016,17,115,0.0
42.0,0.016,17,117,0.0
42.5,0.018,17,119,0.0
43.0,0.018,18,122,0.0
43.5,0.016,18,122,0.0
44.0,0.015,19,123,0.6000000000000001
44.5,0.016,19,126,1.2000000000000002
45.0,0.018,19,126,1.2000000000000002
45.5,0.016,20,127,1.8
46.0,0.016,20,127,0.6000000000000001
46.5,0.015,20,127,0.6000000000000001
47.0,0.015,21,127,0.6000000000000001
47.5,0.019,21,126,1.8
48.0,0.015,22,126,3.6
48.5,0.016,22,127,4.2
49.0,0.015,22,127,4.2
49.5,0.013,23,127,4.2
50.0,0.016,23,126,3.6
50.5,0.016,24,126,3.6
51.0,0.015,24,125,3.6
51.5,0.016,24,125,3.6
52.0,0.015,25,126,4.2
52.5,0.015,25,126,4.2
53.0,0.018,25,126,4.800000000000001
53.5,0.016,26,125,4.800000000000001
54.0,0.016,26,125,4.2
54.5,0.015,27,125,3.6
55.0,0.013,27,125,3.6
55.5,0.018,27,124,3.6
56.0,0.015,28,124,4.2
56.5,0.016,28,123,3.6
57.0,0.013,28,123,3.6
57.5,0.015,29,124,3.6
58.0,0.018,29,123,3.6
58.5,0.015,29,123,3.0
59.0,0.015,30,122,3.0
59.5,0.015,30,123,3.0
60.0,0.016,31,122,3.0
60.5,0.018,31,121,3.0
61.0,0.015,31,121,2.4000000000000004
61.5,0.016,32,121,2.4000000000000004
62.0,0.016,32,121,2.4000000000000004
62.5,0.015,32,121,1.8
63.0,0.019,33,120,1.8
63.5,0.015,33,119,1.8
64.0,0.015,34,119,1.8
64.5,0.016,34,118,1.8
65.0,0.015,34,117,1.8
65.5,0.019,35,117,1.2000000000000002
66.0,0.013,35,117,0.0
66.5,0.016,35,116,0.0
67.0,0.015,36,116,0.0
67.5,0.015,36,116,0.0
68.0,0.019,36,115,0.0
68.5,0.015,37,116,0.0
69.0,0.016,37,115,0.0
69.5,0.015,37,115,0.0
70.0,0.015,38,116,0.0
70.5,0.015,38,115,0.0
71.0,0.016,38,116,0.0
71.5,0.013,39,116,0.0
72.0,0.015,39,116,0.0
72.5,0.016,39,115,0.0
73.0,0.015,40,115,0.0
73.5,0.016,40,115,0.0
74.0,0.013,40,114,0.0
74.5,0.015,41,113,1.8
75.0,0.016,41,113,3.0
75.5,0.016,42,114,3.6
76.0,0.015,42,114,3.6
76.5,0.015,42,113,3.6
77.0,0.016,43,113,3.0
77.5,0.015,43,112,3.0
78.0,0.013,43,111,3.0
78.5,0.015,44,111,3.0
79.0,0.013,44,111,3.6
79.5,0.015,44,111,3.6
80.0,0.016,44,111,3.6
80.5,0.015,45,111,4.2
81.0,0.016,45,111,4.2
81.5,0.015,46,111,3.6
82.0,0.013,46,111,3.6
82.5,0.016,46,110,3.0
83.0,0.013,47,110,3.0
83.5,0.016,47,110,3.6
84.0,0.016,47,110,3.6
84.5,0.015,48,110,3.6
85.0,0.019,48,110,3.6
85.5,0.015,48,109,3.6
86.0,0.016,49,109,3.0
86.5,0.015,49,110,3.0
87.0,0.016,49,109,3.0
87.5,0.015,49,109,3.0
88.0,0.018,50,109,3.0
88.5,0.013,50,109,3.0
89.0,0.013,50,108,3.6
89.5,0.015,51,108,3.0
90.0,0.015,51,108,2.4000000000000004
90.5,0.015,51,109,2.4000000000000004
91.0,0.013,52,108,1.8
91.5,0.015,52,108,1.8
92.0,0.015,52,108,1.8
92.5,0.016,53,107,1.8
93.0,0.013,53,106,1.8
93.5,0.016,53,105,1.8
94.0,0.013,54,105,1.8
94.5,0.015,54,105,0.6000000000000001
95.0,0.016,55,105,0.0
95.5,0.015,55,105,0.0
96.0,0.016,55,105,0.0
96.5,0.013,56,105,0.0
97.0,0.015,56,104,0.0
97.5,0.015,56,105,0.0
98.0,0.015,57,105,0.0
98.5,0.015,57,104,0.0
99.0,0.018,57,105,0.0
99.5,0.013,58,105,0.0
100.0,0.015,58,106,0.0
100.5,0.018,58,106,0.0
101.0,0.015,58,107,0.0
101.5,0.018,59,106,0.0
102.0,0.013,59,106,0.0
102.5,0.015,59,106,0.0
103.0,0.015,60,105,0.0
103.5,0.016,60,105,0.0
104.0,0.013,60,104,2.4000000000000004
104.5,0.016,61,104,3.0
105.0,0.015,61,105,3.6
105.5,0.015,61,105,3.6
106.0,0.015,62,105,3.6
106.5,0.015,62,105,3.6
107.0,0.013,62,104,3.0
107.5,0.016,63,104,3.0
108.0,0.015,63,103,3.0
108.5,0.015,63,103,3.0
109.0,0.013,63,103,3.6
109.5,0.016,64,104,3.6
110.0,0.013,64,104,4.2
110.5,0.018,64,104,4.2
111.0,0.013,65,104,4.2
111.5,0.016,65,104,3.6
112.0,0.015,65,104,3.6
112.5,0.013,66,104,3.0
113.0,0.015,66,103,3.0
113.5,0.015,66,103,3.6
114.0,0.013,67,104,3.6
114.5,0.015,67,103,3.6
115.0,0.013,67,102,3.6
115.5,0.015,68,103,3.6
116.0,0.015,68,103,3.6
116.5,0.015,68,103,3.6
117.0,0.015,68,104,3.0
117.5,0.015,69,103,3.0
118.0,0.013,69,103,3.0
118.5,0.013,69,103,3.0
119.0,0.015,70,103,3.0
119.5,0.015,70,103,3.6
120.0,0.015,70,103,2.4000000000000004
120.5,0.015,71,103,2.4000000000000004
121.0,0.015,71,103,1.8
121.5,0.013,71,104,1.8
122.0,0.018,72,103,1.8
122.5,0.015,72,103,1.8
123.0,0.013,72,102,1.8
123.5,0.011,73,102,1.8
124.0,0.015,73,101,1.8
124.5,0.013,73,100,1.8
125.0,0.018,73,100,1.8
125.5,0.013,74,100,0.6000000000000001
126.0,0.015,74,100,0.0
126.5,0.015,74,100,0.0
127.0,0.015,75,100,0.0
127.5,0.013,75,101,0.0
128.0,0.018,75,101,0.0
128.5,0.015,76,100,0.0
129.0,0.016,76,100,0.0
129.5,0.015,76,100,0.0
130.0,0.015,76,101,0.0
130.5,0.013,77,101,0.0
131.0,0.018,77,101,0.0
131.5,0.015,77,102,0.0
132.0,0.018,78,102,0.0
132.5,0.015,78,103,0.0
133.0,0.015,78,103,0.0
133.5,0.013,79,102,0.0
134.0,0.018,79,102,0.0
134.5,0.015,79,102,0.0
135.0,0.016,80,102,0.0
135.5,0.013,80,101,1.2000000000000002
136.0,0.015,80,101,3.0
136.5,0.013,80,101,3.6
137.0,0.016,81,102,4.2
137.5,0.013,81,102,3.6
138.0,0.016,81,102,3.6
138.5,0.013,82,101,3.6
139.0,0.015,82,101,3.0
139.5,0.013,82,101,3.0
140.0,0.016,83,100,3.0
140.5,0.013,83,100,3.6
141.0,0.016,83,100,3.6
141.5,0.013,83,101,3.6
142.0,0.015,84,101,4.2
142.5,0.013,84,101,4.2
143.0,0.015,84,101,4.2
143.5,0.015,85,101,3.6
144.0,0.016,85,101,3.6
144.5,0.015,85,101,3.6
145.0,0.013,86,100,3.6
145.5,0.013,86,101,3.6
146.0,0.015,86,101,4.2
146.5,0.015,87,101,3.6
147.0,0.016,87,100,3.6
147.5,0.013,87,100,3.6
148.0,0.013,87,100,3.6
148.5,0.013,88,101,3.6
149.0,0.015,88,101,3.0
149.5,0.013,88,101,3.0
150.0,0.018,89,101,3.0
150.5,0.013,89,101,3.0
151.0,0.011,89,101,3.0
151.5,0.015,90,100,3.6
152.0,0.011,90,100,3.0
152.5,0.013,90,100,2.4000000000000004
153.0,0.019,90,101,2.4000000000000004
153.5,0.011,91,101,1.8
154.0,0.013,91,101,1.8
154.5,0.013,91,101,1.8
155.0,0.013,92,100,1.8
155.5,0.013,92,100,1.8
156.0,0.016,92,99,1.8
156.5,0.013,93,99,1.8
157.0,0.013,93,98,1.8
157.5,0.013,93,99,1.2000000000000002
158.0,0.013,93,99,0.0
158.5,0.015,94,99,0.0
159.0,0.015,94,99,0.0
159.5,0.013,94,99,0.0
160.0,0.013,95,99,0.0
160.5,0.013,95,99,0.0
161.0,0.013,95,99,0.0
161.5,0.013,96,99,0.0
162.0,0.013,96,99,0.0
162.5,0.013,96,100,0.0
163.0,0.013,96,99,0.0
163.5,0.013,97,100,0.0
164.0,0.013,97,101,0.0
164.5,0.013,97,101,0.0
165.0,0.015,98,101,0.0
165.5,0.013,98,101,0.0
166.0,0.011,98,101,0.0
166.5,0.013,99,101,0.0
167.0,0.015,99,101,0.0
167.5,0.015,99,100,0.0
168.0,0.015,99,100,1.8
168.5,0.013,100,100,3.0
169.0,0.013,100,100,3.6
169.5,0.011,100,101,4.2
170.0,0.013,101,101,3.6
170.5,0.015,101,101,3.6
171.0,0.013,101,100,3.0
171.5,0.013,102,100,3.0
172.0,0.013,102,100,3.0
172.5,0.015,102,99,3.0
173.0,0.015,102,99,3.6
173.5,0.013,103,99,3.6
174.0,0.011,103,100,3.6
174.5,0.013,103,100,4.2
175.0,0.013,104,100,4.2
175.5,0.015,104,100,4.2
176.0,0.013,104,100,4.2
176.5,0.013,105,100,3.6
177.0,0.011,105,100,3.6
177.5,0.015,105,100,3.6
178.0,0.015,106,100,3.6
178.5,0.013,106,100,3.6
179.0,0.013,106,100,3.6
179.5,0.013,106,100,3.6
180.0,0.013,107,100,3.6
180.5,0.013,107,100,3.6
181.0,0.013,107,100,3.6
181.5,0.015,108,101,3.0
182.0,0.013,108,101,3.0
182.5,0.013,108,101,3.0
183.0,0.011,109,101,3.0
183.5,0.015,109,101,3.0
184.0,0.013,109,101,3.6
184.5,0.016,109,100,3.0
185.0,0.013,110,100,2.4000000000000004
185.5,0.013,110,101,1.8
186.0,0.011,110,101,1.8
186.5,0.013,111,101,1.8
187.0,0.015,111,101,1.2000000000000002
187.5,0.013,111,100,1.2000000000000002
188.0,0.013,112,100,1.2000000000000002
188.5,0.013,112,99,1.8
189.0,0.011,112,99,1.8
189.5,0.013,112,98,1.8
190.0,0.013,113,98,1.2000000000000002
190.5,0.015,113,98,0.0
191.0,0.013,113,98,0.0
191.5,0.013,114,98,0.0
192.0,0.013,114,99,0.0
192.5,0.015,114,99,0.0
193.0,0.015,115,98,0.0
193.5,0.015,115,98,0.0
194.0,0.013,115,99,0.0
194.5,0.016,115,98,0.0
195.0,0.013,116,99,0.0
195.5,0.013,116,100,0.0
196.0,0.013,116,99,0.0
196.5,0.015,117,100,0.0
197.0,0.011,117,101,0.0
197.5,0.016,117,101,0.0
198.0,0.011,118,101,0.0
198.5,0.013,118,101,0.0
199.0,0.015,118,100,0.0
199.5,0.013,118,100,0.0
200.0,0.013,119,100,0.0
200.5,0.015,119,100,1.8
201.0,0.013,119,99,3.0
201.5,0.015,120,100,3.6
202.0,0.013,120,100,3.6
202.5,0.015,120,100,3.6
203.0,0.013,121,100,3.6
203.5,0.016,121,100,3.0
204.0,0.011,121,99,3.0
204.5,0.013,122,99,3.0
205.0,0.013,122,99,3.0
205.5,0.016,122,99,3.6
206.0,0.013,122,99,3.6
206.5,0.016,123,100,3.6
207.0,0.015,123,99,4.2
207.5,0.013,123,100,4.2
208.0,0.013,124,100,4.2
208.5,0.016,124,100,4.2
209.0,0.013,124,100,3.6
209.5,0.013,124,100,3.6
210.0,0.015,125,99,3.6
210.5,0.013,125,100,3.6
211.0,0.013,125,99,4.2
211.5,0.016,126,100,3.6
212.0,0.011,126,99,3.6
212.5,0.013,126,99,3.6
213.0,0.015,127,100,3.6
213.5,0.013,127,100,3.6
214.0,0.015,127,100,3.0
214.5,0.015,127,100,3.0
215.0,0.013,128,100,3.0
215.5,0.013,128,101,3.0
216.0,0.015,128,100,3.0
216.5,0.013,129,100,3.6
217.0,0.015,129,100,3.0
217.5,0.016,129,100,2.4000000000000004
218.0,0.013,130,100,1.8
218.5,0.011,130,101,1.8
219.0,0.015,130,101,1.8
219.5,0.013,131,100,1.8
220.0,0.013,131,100,1.8
220.5,0.015,131,99,1.2000000000000002
221.0,0.013,131,99,1.8
221.5,0.013,132,98,1.8
222.0,0.016,132,98,1.8
222.5,0.013,132,98,1.2000000000000002
223.0,0.013,133,98,0.0
223.5,0.015,133,98,0.0
224.0,0.016,133,98,0.0
224.5,0.013,133,99,0.0
225.0,0.016,134,99,0.0
225.5,0.011,134,99,0.0
226.0,0.015,134,98,0.0
226.5,0.013,135,98,0.0
227.0,0.015,135,99,0.0
227.5,0.015,135,99,0.0
228.0,0.016,136,99,0.0
228.5,0.013,136,100,0.0
229.0,0.016,136,101,0.0
229.5,0.015,136,101,0.0
230.0,0.015,137,101,0.0
230.5,0.013,137,102,0.0
231.0,0.015,137,101,0.0
231.5,0.011,138,101,0.0
232.0,0.016,138,101,0.0
232.5,0.015,138,100,0.0
233.0,0.016,139,100,0.6000000000000001
233.5,0.013,139,100,3.0
234.0,0.016,139,100,3.6
234.5,0.013,140,100,3.6
235.0,0.015,140,100,3.6
235.5,0.015,140,100,3.6
236.0,0.015,140,100,3.0
236.5,0.013,141,99,3.0
237.0,0.018,141,99,3.0
237.5,0.013,141,99,3.0
238.0,0.015,142,99,3.6
238.5,0.015,142,99,3.6
239.0,0.015,142,99,3.6
239.5,0.013,142,100,4.2
240.0,0.018,143,100,4.2
240.5,0.015,143,100,4.2
241.0,0.015,143,100,4.2
241.5,0.015,144,100,3.6
242.0,0.013,144,100,3.6
242.5,0.013,144,100,3.6
243.0,0.016,145,99,3.6
243.5,0.013,145,100,4.2
244.0,0.013,145,99,3.6
244.5,0.015,146,99,3.6
245.0,0.015,146,100,3.6
245.5,0.013,146,100,3.6
246.0,0.016,146,100,3.6
246.5,0.015,147,100,3.0
247.0,0.013,147,100,3.0
247.5,0.015,147,100,3.0
248.0,0.015,148,100,3.0
248.5,0.013,148,100,3.0
249.0,0.015,148,100,3.6
249.5,0.015,149,100,3.6
250.0,0.015,149,100,2.4000000000000004
250.5,0.016,149,100,2.4000000000000004
251.0,0.016,149,100,1.8
251.5,0.013,150,101,1.8
252.0,0.015,150,100,1.8
252.5,0.013,150,100,1.8
253.0,0.013,151,99,1.8
253.5,0.015,151,99,1.8
254.0,0.015,151,98,1.2000000000000002
254.5,0.013,151,98,1.8
255.0,0.015,152,98,1.8
255.5,0.015,152,98,0.0
256.0,0.013,152,98,0.0
256.5,0.015,153,98,0.0
257.0,0.015,153,98,0.0
257.5,0.015,153,98,0.0
258.0,0.015,154,98,0.0
258.5,0.016,154,98,0.0
259.0,0.015,154,98,0.0
259.5,0.016,154,97,0.0
260.0,0.015,155,98,0.0
260.5,0.015,155,99,0.0
261.0,0.015,155,99,0.0
261.5,0.015,156,99,0.0
262.0,0.015,156,100,0.0
262.5,0.016,156,100,0.0
263.0,0.016,157,100,0.0
263.5,0.013,157,101,0.0
264.0,0.015,157,100,0.0
264.5,0.016,157,100,0.0
265.0,0.015,158,100,0.0
265.5,0.015,158,99,0.0
266.0,0.016,158,99,2.4000000000000004
266.5,0.015,159,99,3.6
267.0,0.015,159,99,4.2
267.5,0.018,159,100,4.2
268.0,0.015,160,100,3.6
268.5,0.016,160,100,3.6
269.0,0.016,160,99,3.0
269.5,0.015,161,99,3.0
270.0,0.015,161,99,3.0
270.5,0.016,161,99,3.6
271.0,0.015,161,99,3.6
271.5,0.016,162,99,4.2
272.0,0.016,162,99,3.6
272.5,0.016,162,99,4.2
273.0,0.015,163,100,4.800000000000001
273.5,0.018,163,100,4.2
274.0,0.016,163,100,4.2
274.5,0.018,163,100,3.6
275.0,0.018,164,99,3.6
275.5,0.015,164,99,3.6
276.0,0.015,164,99,3.6
276.5,0.018,165,99,4.2
277.0,0.015,165,99,3.6
277.5,0.018,165,99,3.6
278.0,0.015,166,99,3.6
278.5,0.015,166,100,3.6
279.0,0.015,166,100,3.6
279.5,0.016,166,100,3.0
280.0,0.016,167,100,3.0
280.5,0.016,167,100,3.0
281.0,0.018,167,100,3.0
281.5,0.015,168,100,3.0
282.0,0.016,168,100,3.6
282.5,0.016,168,100,3.0
283.0,0.016,169,100,2.4000000000000004
283.5,0.016,169,100,1.8
284.0,0.016,169,101,1.8
284.5,0.013,170,100,1.8
285.0,0.015,170,100,1.8
285.5,0.015,170,100,1.8
286.0,0.016,170,99,1.8
286.5,0.015,171,99,1.8
287.0,0.018,171,98,1.8
287.5,0.013,171,98,1.8
288.0,0.015,172,98,1.2000000000000002
288.5,0.016,172,98,0.0
289.0,0.018,172,98,0.0
289.5,0.015,172,98,0.0
290.0,0.018,173,99,0.0
290.5,0.015,173,99,0.0
291.0,0.016,173,98,0.0
291.5,0.015,174,98,0.0
292.0,0.016,174,98,0.0
292.5,0.016,174,99,0.0
293.0,0.018,175,99,0.0
293.5,0.016,175,100,0.0
294.0,0.018,175,99,0.0
294.5,0.016,175,101,0.0
295.0,0.018,176,101,0.0
295.5,0.016,176,101,0.0
296.0,0.018,176,101,0.0
296.5,0.013,177,101,0.0
297.0,0.018,177,100,0.0
297.5,0.016,177,100,0.0
298.0,0.016,178,100,0.0
298.5,0.016,178,100,1.2000000000000002
299.0,0.018,178,99,3.0
299.5,0.015,178,100,3.6
300.0,0.016,179,100,3.6
300.5,0.016,179,100,3.6
301.0,0.018,179,100,3.6
301.5,0.015,180,100,3.0
302.0,0.018,180,99,3.0
302.5,0.015,180,99,3.0
303.0,0.016,181,99,3.0
303.5,0.015,181,99,3.6
304.0,0.016,181,99,3.6
304.5,0.015,181,100,3.6
305.0,0.016,182,100,4.2
305.5,0.016,182,100,4.2
306.0,0.019,182,100,4.2
306.5,0.018,183,100,3.6
307.0,0.016,183,100,3.6
307.5,0.016,183,100,3.6
308.0,0.018,184,100,3.6
308.5,0.016,184,100,3.6
309.0,0.018,184,100,4.2
309.5,0.016,185,100,3.6
310.0,0.018,185,100,3.6
310.5,0.015,185,100,3.6
311.0,0.016,185,100,3.6
311.5,0.016,186,100,3.6
312.0,0.019,186,100,3.0
312.5,0.018,186,100,3.0
313.0,0.018,187,100,3.0
313.5,0.015,187,100,3.0
314.0,0.018,187,100,3.0
314.5,0.016,188,100,3.6
315.0,0.021,188,100,3.0
315.5,0.016,188,100,2.4000000000000004
316.0,0.016,188,100,1.8
316.5,0.016,189,101,1.8
317.0,0.018,189,101,1.8
317.5,0.016,189,100,1.8
318.0,0.018,190,100,1.8
318.5,0.016,190,99,1.2000000000000002
319.0,0.018,190,99,1.2000000000000002
319.5,0.016,190,99,1.8
320.0,0.018,191,98,1.8
320.5,0.018,191,98,1.2000000000000002
321.0,0.018,191,98,0.0
321.5,0.018,192,98,0.0
322.0,0.015,192,98,0.0
322.5,0.018,192,99,0.0
323.0,0.019,193,99,0.0
323.5,0.018,193,99,0.0
324.0,0.016,193,98,0.0
324.5,0.016,196,100,0.6000000000000001
325.0,0.016,197,100,0.0
325.5,0.016,197,100,0.0
326.0,0.015,197,100,0.6000000000000001
326.5,0.016,198,99,2.4000000000000004
327.0,0.019,198,100,3.6
327.5,0.018,198,100,4.2
328.0,0.016,199,100,3.6
328.5,0.016,199,100,3.6
329.0,0.016,199,100,3.6
329.5,0.018,199,99,3.0
330.0,0.016,200,99,3.0
330.5,0.018,200,99,3.6
331.0,0.015,200,99,3.6
331.5,0.018,201,99,3.6
332.0,0.016,201,100,4.2
332.5,0.018,201,100,4.2
333.0,0.018,202,100,4.800000000000001
333.5,0.018,202,100,4.2
334.0,0.016,202,100,4.2
334.5,0.018,203,100,3.6
335.0,0.016,203,100,3.6
335.5,0.018,203,100,3.6
336.0,0.018,203,100,3.6
336.5,0.016,204,100,4.2
337.0,0.015,204,100,3.6
337.5,0.018,204,99,3.6
338.0,0.016,205,100,3.6
338.5,0.019,205,100,3.6
339.0,0.016,205,100,3.6
339.5,0.016,206,101,3.0
340.0,0.018,206,101,3.0
340.5,0.018,206,100,3.0
341.0,0.015,206,101,3.0
341.5,0.018,207,100,3.0
342.0,0.016,207,100,3.6
342.5,0.016,207,100,3.6
343.0,0.016,208,100,2.4000000000000004
343.5,0.019,208,101,2.4000000000000004
344.0,0.015,208,101,1.8
344.5,0.016,209,101,1.8
345.0,0.016,209,101,1.8
345.5,0.016,209,100,1.8
346.0,0.016,209,100,1.8
346.5,0.018,210,100,2.4000000000000004
347.0,0.016,210,99,1.8
347.5,0.018,210,99,1.8
348.0,0.015,211,99,1.2000000000000002
348.5,0.016,211,98,0.0
349.0,0.018,211,99,0.0
349.5,0.019,212,99,0.0
350.0,0.016,212,99,0.0
350.5,0.016,212,99,0.0
351.0,0.016,212,99,0.0
351.5,0.018,213,99,0.0
352.0,0.015,213,99,0.0
352.5,0.018,213,99,0.0
353.0,0.016,214,99,0.0
353.5,0.015,214,100,0.0
354.0,0.016,214,100,0.0
354.5,0.018,215,101,0.0
355.0,0.016,215,101,0.0
355.5,0.018,215,101,0.0
356.0,0.016,215,102,0.0
356.5,0.016,216,101,0.0
357.0,0.016,216,101,0.0
357.5,0.018,216,100,0.0
358.0,0.016,217,100,0.0
358.5,0.016,217,100,1.8
359.0,0.015,217,100,3.0
359.5,0.016,218,100,3.6
360.0,0.016,218,100,4.2
360.5,0.016,218,100,3.6
361.0,0.016,219,100,3.6
361.5,0.016,219,100,3.0
362.0,0.018,219,99,3.0
362.5,0.016,219,99,3.0
363.0,0.018,220,99,3.0
363.5,0.016,220,99,3.6
364.0,0.015,220,99,3.6
364.5,0.016,221,100,3.6
365.0,0.016,221,100,4.2
365.5,0.015,221,100,4.2
366.0,0.018,222,100,4.2
366.5,0.016,222,100,4.2
367.0,0.016,222,100,3.6
367.5,0.016,222,100,3.6
368.0,0.015,223,100,3.6
368.5,0.016,223,100,3.6
369.0,0.018,223,100,3.6
369.5,0.015,224,100,3.6
370.0,0.015,224,100,3.6
370.5,0.016,224,99,3.6
371.0,0.016,224,100,3.6
371.5,0.015,225,100,3.6
372.0,0.016,225,100,3.0
372.5,0.016,225,100,3.0
373.0,0.016,226,101,3.0
373.5,0.016,226,100,3.0
374.0,0.015,226,100,3.0
374.5,0.015,227,100,3.6
375.0,0.018,227,100,3.0
375.5,0.016,227,100,2.4000000000000004
376.0,0.018,228,100,2.4000000000000004
376.5,0.016,228,101,2.4000000000000004
377.0,0.016,228,101,1.8
377.5,0.016,228,101,1.8
378.0,0.016,229,100,1.8
378.5,0.016,229,99,1.8
379.0,0.018,229,99,1.8
379.5,0.016,230,99,1.8
380.0,0.016,230,98,1.8
380.5,0.016,230,98,1.2000000000000002
381.0,0.018,231,98,0.0
381.5,0.015,231,98,0.0
382.0,0.016,231,98,0.0
382.5,0.016,231,99,0.0
383.0,0.018,232,99,0.0
383.5,0.016,232,99,0.0
384.0,0.019,232,99,0.0
384.5,0.016,233,99,0.0
385.0,0.018,233,98,0.0
385.5,0.018,233,99,0.0
386.0,0.018,234,100,0.0
386.5,0.018,234,100,0.0
387.0,0.018,234,100,0.0
387.5,0.016,234,101,0.0
388.0,0.016,235,101,0.0
388.5,0.021,235,101,0.0
389.0,0.016,235,101,0.0
389.5,0.016,236,100,0.0
390.0,0.016,236,100,0.0
390.5,0.016,236,100,0.0
391.0,0.018,237,100,1.2000000000000002
391.5,0.018,237,99,2.4000000000000004
392.0,0.016,237,100,3.6
392.5,0.018,237,100,3.6
393.0,0.019,238,100,3.6
393.5,0.018,238,100,3.6
394.0,0.016,238,100,3.0
394.5,0.018,239,99,3.0
395.0,0.016,239,99,3.0
395.5,0.016,239,99,3.0
396.0,0.019,239,99,3.0
396.5,0.016,240,99,3.6
397.0,0.018,240,99,3.6
397.5,0.018,240,100,4.2
398.0,0.018,241,100,4.2
398.5,0.018,241,100,4.2
399.0,0.018,241,100,4.2
399.5,0.018,242,101,3.6
400.0,0.018,242,100,3.6
400.5,0.016,242,99,3.6
401.0,0.019,243,100,3.6
401.5,0.018,243,100,3.6
402.0,0.018,243,99,4.2
402.5,0.016,243,100,3.6
403.0,0.019,244,99,3.6
403.5,0.018,244,99,3.6
404.0,0.018,244,100,3.6
404.5,0.015,245,100,3.0
405.0,0.018,245,100,3.0
405.5,0.018,245,101,3.0
406.0,0.019,246,101,3.0
406.5,0.018,246,100,3.0
407.0,0.015,246,100,3.6
407.5,0.016,246,100,3.0
408.0,0.018,247,100,2.4000000000000004
408.5,0.016,247,100,2.4000000000000004
409.0,0.018,247,100,1.8
409.5,0.019,248,101,1.8
410.0,0.015,248,100,1.8
410.5,0.015,248,100,1.8
411.0,0.018,249,99,1.8
411.5,0.016,249,99,1.8
412.0,0.016,249,98,1.8
412.5,0.018,249,98,2.4000000000000004
413.0,0.015,250,98,1.2000000000000002
413.5,0.015,250,98,0.0
414.0,0.016,250,98,0.0
414.5,0.023,251,98,0.0
415.0,0.015,251,98,0.0
415.5,0.018,251,98,0.0
416.0,0.015,252,99,0.0
416.5,0.016,252,98,0.0
417.0,0.015,252,98,0.0
417.5,0.018,252,98,0.0
418.0,0.016,253,98,0.0
418.5,0.018,253,99,0.0
419.0,0.015,253,99,0.0
419.5,0.016,254,100,0.0
420.0,0.015,254,100,0.0
420.5,0.018,254,101,0.0
421.0,0.016,254,101,0.0
421.5,0.016,255,101,0.0
422.0,0.016,255,100,0.0
422.5,0.018,255,100,0.0
423.0,0.015,256,100,0.0
423.5,0.016,256,100,0.0
424.0,0.015,256,99,2.4000000000000004
424.5,0.018,257,99,3.6
425.0,0.015,257,99,3.6
425.5,0.016,257,100,3.6
426.0,0.015,258,100,3.6
426.5,0.018,258,100,3.6
427.0,0.015,258,99,3.0
427.5,0.019,258,99,3.0
428.0,0.015,259,99,3.0
428.5,0.018,259,99,3.6
429.0,0.015,259,99,3.6
429.5,0.018,260,99,3.6
430.0,0.016,260,99,4.2
430.5,0.018,260,100,4.2
431.0,0.016,261,100,4.2
431.5,0.016,261,100,4.2
432.0,0.015,261,100,3.6
432.5,0.016,261,100,3.6
433.0,0.015,262,100,3.6
433.5,0.016,262,99,3.6
434.0,0.016,262,100,3.6
434.5,0.013,263,100,4.2
435.0,0.018,263,99,3.6
435.5,0.016,263,99,3.6
436.0,0.018,264,100,3.6
436.5,0.016,264,100,3.0
437.0,0.016,264,100,3.0
437.5,0.015,265,99,3.0
438.0,0.016,265,100,3.0
438.5,0.015,265,101,3.0
439.0,0.018,266,100,3.0
439.5,0.016,266,100,3.0
440.0,0.018,266,100,2.4000000000000004
440.5,0.015,267,100,2.4000000000000004
441.0,0.016,267,100,1.8
441.5,0.015,267,100,1.8
442.0,0.018,267,100,1.8
442.5,0.015,268,100,1.8
443.0,0.015,268,99,1.2000000000000002
443.5,0.016,268,99,1.8
444.0,0.016,269,98,1.8
444.5,0.015,269,98,1.2000000000000002
445.0,0.016,269,98,1.8
445.5,0.016,270,98,0.6000000000000001
446.0,0.013,270,98,0.0
446.5,0.016,270,98,0.0
447.0,0.016,270,98,0.0
447.5,0.015,271,98,0.0
448.0,0.015,271,98,0.0
448.5,0.015,271,98,0.0
449.0,0.016,272,98,0.0
449.5,0.016,272,98,0.0
450.0,0.016,272,98,0.0
450.5,0.015,272,99,0.0
451.0,0.015,273,99,0.0
451.5,0.016,273,99,0.0
452.0,0.015,273,100,0.0
452.5,0.016,274,100,0.0
453.0,0.019,274,101,0.0
453.5,0.013,274,101,0.0
454.0,0.015,275,101,0.0
454.5,0.016,275,100,0.0
455.0,0.015,275,100,0.0
455.5,0.016,276,100,0.0
456.0,0.016,276,99,1.8
456.5,0.015,276,99,3.0
457.0,0.015,276,100,3.6
457.5,0.016,277,100,3.6
458.0,0.015,277,100,3.6
458.5,0.016,278,100,3.0
459.0,0.013,278,99,3.0
459.5,0.013,278,99,3.0
460.0,0.015,278,99,3.0
460.5,0.016,279,99,3.0
461.0,0.015,279,99,3.6
461.5,0.016,279,99,3.6
462.0,0.015,280,99,4.2
462.5,0.015,280,100,4.2
463.0,0.016,280,100,4.2
463.5,0.013,281,100,3.6
464.0,0.016,281,100,3.6
464.5,0.015,281,100,3.6
465.0,0.015,282,100,3.6
465.5,0.016,282,100,3.6
466.0,0.015,282,100,4.2
466.5,0.015,282,100,3.6
467.0,0.016,283,100,3.6
467.5,0.015,283,100,3.6
468.0,0.015,283,100,3.6
468.5,0.015,284,100,3.6
469.0,0.015,284,100,3.0
469.5,0.015,284,100,3.0
470.0,0.018,285,100,3.0
470.5,0.015,285,100,3.0
471.0,0.013,285,101,3.0
471.5,0.015,285,100,3.6
472.0,0.015,286,100,3.0
472.5,0.015,286,100,2.4000000000000004
473.0,0.018,286,100,2.4000000000000004
473.5,0.016,287,101,1.8
474.0,0.015,287,101,1.8
474.5,0.015,287,101,1.8
475.0,0.015,288,100,1.8
475.5,0.015,288,100,1.8
476.0,0.016,288,99,1.8
476.5,0.015,288,99,1.8
477.0,0.013,289,98,1.8
477.5,0.013,289,98,0.6000000000000001
478.0,0.013,289,98,0.0
478.5,0.015,290,98,0.0
479.0,0.016,290,98,0.0
479.5,0.016,290,99,0.0
480.0,0.015,291,99,0.0
480.5,0.015,291,98,0.0
481.0,0.015,291,98,0.0
481.5,0.015,291,99,0.0
482.0,0.016,292,98,0.0
482.5,0.015,292,99,0.0
483.0,0.013,292,99,0.0
483.5,0.015,293,99,0.0
484.0,0.015,293,100,0.0
484.5,0.015,293,101,0.0
485.0,0.013,294,101,0.0
485.5,0.015,294,101,0.0
486.0,0.013,294,101,0.0
486.5,0.015,294,100,0.0
487.0,0.015,295,100,0.0
487.5,0.013,295,100,0.0
488.0,0.015,295,100,1.2000000000000002
488.5,0.015,296,99,3.0
489.0,0.013,296,100,3.6
489.5,0.015,296,100,3.6
490.0,0.013,297,100,3.6
490.5,0.015,297,100,3.6
491.0,0.015,297,100,3.0
491.5,0.015,297,99,3.0
492.0,0.013,298,99,3.0
492.5,0.016,298,99,3.0
493.0,0.013,298,99,3.6
493.5,0.015,299,99,3.6
494.0,0.013,299,99,3.6
494.5,0.015,299,100,4.2
495.0,0.013,300,100,4.800000000000001
495.5,0.018,300,100,4.2
496.0,0.013,300,100,4.2
496.5,0.015,300,100,3.6
497.0,0.011,301,100,3.6
497.5,0.013,301,100,3.0
498.0,0.013,301,100,3.6
498.5,0.018,302,100,3.6
499.0,0.013,302,100,3.6
499.5,0.013,302,100,3.6
500.0,0.015,302,100,3.6
500.5,0.013,303,100,3.6
501.0,0.013,303,100,3.6
501.5,0.016,303,100,3.6
502.0,0.013,304,100,3.0
502.5,0.015,304,100,2.4000000000000004
503.0,0.013,304,100,2.4000000000000004
503.5,0.013,305,100,3.0
504.0,0.013,305,100,3.6
504.5,0.016,305,100,3.0
505.0,0.013,306,99,2.4000000000000004
505.5,0.011,306,100,2.4000000000000004
506.0,0.013,306,100,1.8
506.5,0.015,306,101,1.8
507.0,0.013,307,100,1.8
507.5,0.015,307,100,1.8
508.0,0.015,307,99,1.8
508.5,0.013,308,99,1.8
509.0,0.013,308,98,1.8
509.5,0.015,308,98,1.8
510.0,0.015,309,98,1.8
510.5,0.013,309,98,0.0
511.0,0.013,309,98,0.0
511.5,0.011,309,98,0.0
512.0,0.015,310,98,0.0
512.5,0.013,310,99,0.0
513.0,0.015,310,99,0.0
513.5,0.013,311,98,0.0
514.0,0.015,311,98,0.0
514.5,0.015,311,98,0.0
515.0,0.015,311,98,0.0
515.5,0.016,312,98,0.0
516.0,0.015,312,99,0.0
516.5,0.015,312,100,0.0
517.0,0.016,313,100,0.0
517.5,0.015,313,101,0.0
518.0,0.016,313,101,0.0
518.5,0.015,314,101,0.0
519.0,0.015,314,101,0.0
519.5,0.013,314,100,0.0
520.0,0.016,315,100,0.0
520.5,0.013,315,100,0.6000000000000001
521.0,0.015,315,99,2.4000000000000004
521.5,0.015,315,99,3.6
522.0,0.015,316,100,3.6
522.5,0.015,316,100,3.6
523.0,0.015,316,100,3.6
523.5,0.015,317,99,3.0
524.0,0.015,317,99,3.0
524.5,0.013,318,99,3.0
525.0,0.013,318,99,3.0
525.5,0.016,318,99,3.6
526.0,0.016,318,99,3.6
526.5,0.015,319,99,3.6
527.0,0.015,319,99,4.2
527.5,0.015,319,100,4.2
528.0,0.013,320,100,4.2
528.5,0.016,320,100,3.6
529.0,0.015,320,100,3.6
529.5,0.015,321,99,3.6
530.0,0.015,321,99,3.6
530.5,0.015,321,99,3.6
531.0,0.015,321,99,4.2
531.5,0.016,322,99,3.6
532.0,0.015,322,99,3.6
532.5,0.016,322,99,3.6
533.0,0.015,323,100,3.6
533.5,0.015,323,100,3.0
534.0,0.013,323,100,3.0
534.5,0.016,324,100,3.0
535.0,0.016,324,100,3.0
535.5,0.016,324,100,3.0
536.0,0.016,324,100,3.6
536.5,0.016,325,100,3.6
537.0,0.013,325,100,3.0
537.5,0.016,325,100,2.4000000000000004
538.0,0.015,326,100,1.8
538.5,0.016,326,101,1.8
539.0,0.015,326,100,1.8
539.5,0.016,327,100,1.8
540.0,0.015,327,99,1.8
540.5,0.018,327,99,1.2000000000000002
541.0,0.016,327,99,1.8
541.5,0.016,328,98,1.8
542.0,0.015,328,98,1.8
542.5,0.015,328,98,0.6000000000000001
543.0,0.015,329,98,0.0
543.5,0.018,329,98,0.0
544.0,0.016,329,98,0.0
544.5,0.013,330,98,0.0
545.0,0.016,330,98,0.0
545.5,0.015,330,98,0.0
546.0,0.015,330,98,0.0
546.5,0.015,331,98,0.0
547.0,0.018,331,98,0.0
547.5,0.015,331,99,0.0
548.0,0.016,332,99,0.0
548.5,0.015,332,99,0.0
549.0,0.016,332,100,0.0
549.5,0.015,332,100,0.0
550.0,0.016,333,101,0.0
550.5,0.013,333,101,0.0
551.0,0.015,333,100,0.0
551.5,0.015,334,100,0.0
552.0,0.016,334,100,0.0
552.5,0.015,334,100,0.0
553.0,0.016,335,100,1.8
553.5,0.015,335,99,3.0
554.0,0.016,335,100,3.6
554.5,0.015,336,100,3.6
555.0,0.015,336,100,3.6
555.5,0.015,336,100,3.6
556.0,0.018,336,100,3.0
556.5,0.015,337,99,3.0
557.0,0.018,337,99,3.0
557.5,0.015,337,99,3.0
558.0,0.016,338,99,3.6
558.5,0.015,338,99,3.6
559.0,0.016,338,100,3.6
559.5,0.013,339,100,4.2
560.0,0.019,339,100,4.2
560.5,0.015,339,100,4.2
561.0,0.015,339,100,3.6
561.5,0.015,340,100,3.6
562.0,0.016,340,100,3.6
562.5,0.015,340,100,3.6
563.0,0.016,341,100,3.6
563.5,0.015,341,100,3.6
564.0,0.016,341,100,3.6
564.5,0.015,341,100,3.6
565.0,0.016,342,100,3.6
565.5,0.013,342,100,3.6
566.0,0.018,342,100,3.0
566.5,0.015,343,101,3.0
567.0,0.015,343,100,3.0
567.5,0.015,343,100,2.4000000000000004
568.0,0.015,344,101,3.0
568.5,0.015,344,101,3.0
569.0,0.019,344,100,3.0
569.5,0.016,345,100,2.4000000000000004
570.0,0.015,345,100,2.4000000000000004
570.5,0.015,345,101,1.8
571.0,0.016,345,101,1.8
571.5,0.015,346,101,1.8
572.0,0.018,346,101,1.8
572.5,0.015,346,100,1.8
573.0,0.016,347,100,1.2000000000000002
573.5,0.013,347,99,1.2000000000000002
574.0,0.015,347,99,1.8
574.5,0.015,348,98,1.8
575.0,0.016,348,98,0.6000000000000001
575.5,0.015,348,98,0.0
576.0,0.013,348,99,0.0
576.5,0.015,349,99,0.0
577.0,0.015,349,99,0.0
577.5,0.015,349,99,0.0
578.0,0.016,350,99,0.0
578.5,0.016,350,99,0.0
579.0,0.015,350,98,0.0
579.5,0.013,350,98,0.0
580.0,0.015,351,99,0.0
580.5,0.015,351,100,0.0
581.0,0.016,351,99,0.0
581.5,0.016,352,100,0.0
582.0,0.016,352,101,0.0
582.5,0.015,352,101,0.0
583.0,0.016,353,101,0.0
583.5,0.016,353,101,0.0
584.0,0.016,353,100,0.0
584.5,0.016,354,100,0.0
585.0,0.015,354,100,0.0
585.5,0.015,354,99,1.8
586.0,0.016,355,99,3.0
586.5,0.016,355,99,3.6
587.0,0.016,355,100,3.6
587.5,0.016,355,100,3.6
588.0,0.015,356,100,3.6
588.5,0.016,356,100,3.0
589.0,0.016,356,99,3.0
589.5,0.015,357,99,3.0
590.0,0.015,357,99,3.0
590.5,0.015,357,99,3.6
591.0,0.015,357,99,3.6
591.5,0.016,358,99,3.6
592.0,0.016,358,100,4.2
592.5,0.015,358,100,4.2
593.0,0.013,359,100,4.2
593.5,0.016,359,100,3.6
594.0,0.015,359,100,3.6
594.5,0.016,360,100,3.0
595.0,0.018,360,100,3.0
595.5,0.016,360,100,3.6
596.0,0.015,360,100,3.6
596.5,0.016,361,100,3.6
597.0,0.015,361,100,3.6
597.5,0.016,361,100,3.6
598.0,0.015,362,100,3.6
598.5,0.016,362,100,3.0
599.0,0.016,362,100,3.0
599.5,0.016,363,100,2.4000000000000004
600.0,0.015,363,100,2.4000000000000004
600.5,0.016,363,100,2.4000000000000004
601.0,0.016,364,101,3.0
601.5,0.016,364,100,3.0
602.0,0.015,364,100,3.0
602.5,0.016,364,100,2.4000000000000004
603.0,0.016,365,101,1.8
603.5,0.016,365,101,1.8
604.0,0.015,365,101,1.8
604.5,0.015,366,101,1.8
605.0,0.015,366,100,1.8
605.5,0.016,366,99,1.8
606.0,0.015,367,99,1.8
606.5,0.016,367,99,1.8
607.0,0.015,367,98,1.8
607.5,0.016,367,98,0.6000000000000001
608.0,0.016,368,98,0.0
608.5,0.016,368,98,0.0
609.0,0.015,368,98,0.0
609.5,0.016,369,98,0.0
610.0,0.018,369,99,0.0
610.5,0.018,369,99,0.0
611.0,0.016,370,98,0.0
611.5,0.016,370,99,0.0
612.0,0.016,370,98,0.0
612.5,0.018,370,98,0.0
613.0,0.016,371,99,0.0
613.5,0.018,371,100,0.0
614.0,0.016,371,100,0.0
614.5,0.016,372,100,0.0
615.0,0.018,372,101,0.0
615.5,0.016,372,101,0.0
616.0,0.015,373,101,0.0
616.5,0.018,373,100,0.0
617.0,0.016,373,100,0.0
617.5,0.016,373,100,0.0
618.0,0.018,374,100,1.2000000000000002
618.5,0.015,374,99,2.4000000000000004
619.0,0.015,374,99,3.6
619.5,0.018,375,100,3.6
620.0,0.015,375,101,3.6
620.5,0.015,375,100,3.6
621.0,0.016,376,100,3.0
621.5,0.016,376,99,3.0
622.0,0.015,376,99,3.0
622.5,0.018,376,99,3.0
623.0,0.018,377,99,3.0
623.5,0.016,377,99,3.6
624.0,0.015,377,99,3.6
624.5,0.018,378,100,4.2
625.0,0.016,378,100,4.2
625.5,0.018,378,100,4.2
626.0,0.016,379,100,4.2
626.5,0.015,379,100,3.6
627.0,0.016,379,100,3.6
627.5,0.018,379,100,3.6
628.0,0.016,380,100,3.6
628.5,0.016,380,99,3.6
629.0,0.016,380,99,3.6
629.5,0.015,381,100,3.6
630.0,0.016,381,100,3.6
630.5,0.018,381,99,3.6
631.0,0.016,382,100,3.6
631.5,0.015,382,101,3.0
632.0,0.018,382,100,3.0
632.5,0.015,382,100,3.0
633.0,0.016,383,101,3.0
633.5,0.018,383,100,3.0
634.0,0.018,383,100,3.0
634.5,0.015,384,100,3.0
635.0,0.018,384,100,2.4000000000000004
635.5,0.015,384,100,2.4000000000000004
636.0,0.016,385,100,1.8
636.5,0.016,385,101,1.8
637.0,0.016,385,100,1.8
637.5,0.016,385,100,1.8
638.0,0.018,386,99,1.2000000000000002
638.5,0.015,386,99,1.8
639.0,0.016,386,98,1.8
639.5,0.015,387,98,1.8
640.0,0.016,387,98,1.8
640.5,0.015,387,98,0.0
641.0,0.018,388,98,0.0
641.5,0.016,388,98,0.0
642.0,0.016,388,98,0.0
642.5,0.016,389,99,0.0
643.0,0.016,389,98,0.0
643.5,0.018,389,98,0.0
644.0,0.015,390,98,0.0
644.5,0.016,390,99,0.0
645.0,0.015,390,99,0.0
645.5,0.018,391,99,0.0
646.0,0.016,391,100,0.0
646.5,0.019,391,100,0.0
647.0,0.016,391,101,0.0
647.5,0.016,392,101,0.0
648.0,0.016,392,101,0.0
648.5,0.016,392,100,0.0
649.0,0.016,393,100,0.0
649.5,0.018,393,100,0.0
650.0,0.015,393,100,0.0
650.5,0.018,394,99,2.4000000000000004
651.0,0.016,394,99,3.0
651.5,0.016,394,100,3.6
652.0,0.015,394,100,3.6
652.5,0.018,395,100,3.6
653.0,0.016,395,100,3.0
653.5,0.016,395,99,3.0
654.0,0.016,396,99,3.0
654.5,0.015,396,99,3.0
655.0,0.015,396,99,3.0
655.5,0.016,397,99,3.6
656.0,0.018,397,99,3.6
656.5,0.016,397,99,3.6
657.0,0.016,397,100,4.2
657.5,0.015,398,100,4.2
658.0,0.015,398,100,4.2
658.5,0.018,398,100,3.6
659.0,0.016,399,100,3.6
659.5,0.016,399,100,3.6
660.0,0.016,399,99,3.6
660.5,0.015,400,100,3.6
661.0,0.013,400,100,4.2
661.5,0.016,400,100,3.6
662.0,0.018,400,99,3.6
662.5,0.015,401,99,3.6
663.0,0.018,401,100,3.6
663.5,0.015,401,100,3.0
664.0,0.015,402,101,3.0
664.5,0.016,402,100,3.0
665.0,0.016,402,100,3.0
665.5,0.015,403,100,3.0
666.0,0.016,403,100,3.0
666.5,0.015,403,100,3.6
667.0,0.015,404,100,3.0
667.5,0.013,404,100,1.8
668.0,0.018,404,100,1.8
668.5,0.016,404,101,1.8
669.0,0.016,405,100,1.8
669.5,0.015,405,100,1.8
670.0,0.015,405,99,1.8
670.5,0.015,406,99,1.2000000000000002
671.0,0.016,406,98,1.8
671.5,0.015,406,98,1.8
672.0,0.016,406,98,1.8
672.5,0.016,407,98,0.0
673.0,0.015,407,98,0.0
673.5,0.013,407,98,0.0
674.0,0.018,408,98,0.0
674.5,0.015,408,98,0.0
675.0,0.015,408,98,0.0
675.5,0.015,409,98,0.0
676.0,0.016,409,98,0.0
676.5,0.016,409,98,0.0
677.0,0.018,409,98,0.0
677.5,0.015,410,99,0.0
678.0,0.016,410,99,0.0
678.5,0.016,410,99,0.0
679.0,0.016,411,100,0.0
679.5,0.015,411,100,0.0
680.0,0.018,411,101,0.0
680.5,0.015,412,101,0.0
681.0,0.016,412,100,0.0
681.5,0.015,412,100,0.0
682.0,0.016,412,100,0.0
682.5,0.015,413,100,0.0
683.0,0.016,413,99,1.8
683.5,0.015,413,99,3.0
684.0,0.016,414,99,3.6
684.5,0.016,414,100,4.2
685.0,0.016,414,100,3.6
685.5,0.015,414,100,3.6
686.0,0.016,415,99,3.0
686.5,0.016,415,99,3.0
687.0,0.016,415,99,3.0
687.5,0.016,416,98,3.6
688.0,0.015,416,98,3.6
688.5,0.013,416,99,3.6
689.0,0.016,417,99,3.6
689.5,0.016,417,99,4.800000000000001
690.0,0.019,417,99,4.800000000000001
690.5,0.016,418,100,4.2
691.0,0.013,418,100,4.2
691.5,0.016,418,100,3.6
692.0,0.015,418,99,3.6
692.5,0.015,419,99,3.6
693.0,0.019,419,99,3.6
693.5,0.015,419,99,3.6
694.0,0.015,420,99,3.6
694.5,0.015,420,99,3.6
695.0,0.015,420,99,3.6
695.5,0.016,420,100,3.6
696.0,0.016,421,99,3.6
696.5,0.015,421,100,3.6
697.0,0.013,421,100,3.0
697.5,0.015,422,100,3.0
698.0,0.015,422,100,3.0
698.5,0.016,422,100,3.0
699.0,0.016,423,100,3.6
699.5,0.016,423,99,3.0
700.0,0.015,423,99,2.4000000000000004
700.5,0.015,423,100,2.4000000000000004
701.0,0.015,424,100,1.8
701.5,0.015,424,100,1.8
702.0,0.015,424,100,1.8
702.5,0.018,425,99,1.8
703.0,0.015,425,99,1.8
703.5,0.013,425,99,1.8
704.0,0.015,426,98,1.8
704.5,0.015,426,98,1.8
705.0,0.013,426,98,1.2000000000000002
705.5,0.016,427,97,0.0
706.0,0.013,427,98,0.0
706.5,0.013,427,98,0.0
707.0,0.013,427,98,0.0
707.5,0.018,428,98,0.0
708.0,0.016,428,98,0.0
708.5,0.018,428,98,0.0
709.0,0.015,429,98,0.0
709.5,0.016,429,98,0.0
710.0,0.013,429,98,0.0
710.5,0.018,429,99,0.0
711.0,0.016,430,99,0.0
711.5,0.018,430,99,0.0
712.0,0.015,430,100,0.0
712.5,0.015,431,100,0.0
713.0,0.015,431,100,0.0
713.5,0.016,431,100,0.6000000000000001
714.0,0.013,432,100,0.0
714.5,0.018,432,100,0.0
715.0,0.015,432,100,0.0
715.5,0.016,433,99,0.0
716.0,0.015,433,99,2.4000000000000004
716.5,0.015,433,99,3.6
717.0,0.015,433,100,3.6
717.5,0.016,434,100,3.6
718.0,0.015,434,100,3.6
718.5,0.015,434,100,3.6
719.0,0.015,435,99,3.0
719.5,0.015,435,99,3.0
720.0,0.015,435,99,3.6
720.5,0.016,435,98,3.6
721.0,0.015,436,99,3.6
721.5,0.015,436,99,3.6
722.0,0.015,436,99,4.2
722.5,0.015,437,99,4.2
723.0,0.015,437,99,4.2
723.5,0.016,437,100,4.2
724.0,0.015,438,100,4.2
724.5,0.015,438,99,3.6
725.0,0.015,438,99,3.6
725.5,0.013,438,99,3.6
726.0,0.015,439,99,4.2
726.5,0.015,439,99,4.2
727.0,0.013,439,99,3.6
727.5,0.013,440,99,3.6
728.0,0.013,440,99,3.6
728.5,0.015,440,100,3.6
729.0,0.015,441,100,3.0
729.5,0.013,441,100,3.0
730.0,0.015,441,100,3.0
730.5,0.015,441,100,3.0
731.0,0.015,442,100,3.0
731.5,0.011,442,100,3.0
732.0,0.015,442,100,3.6
732.5,0.013,443,100,3.0
733.0,0.013,443,100,2.4000000000000004
733.5,0.015,443,100,1.8
734.0,0.016,444,101,1.8
734.5,0.015,444,100,1.8
735.0,0.015,444,100,1.8
735.5,0.011,444,99,1.8
736.0,0.011,445,99,1.2000000000000002
736.5,0.015,445,99,1.8
737.0,0.013,445,98,1.8
737.5,0.011,446,98,1.8
738.0,0.015,446,98,0.0
738.5,0.013,446,98,0.0
739.0,0.015,447,98,0.0
739.5,0.013,447,98,0.0
740.0,0.016,447,99,0.0
740.5,0.011,447,99,0.0
741.0,0.015,448,98,0.0
741.5,0.013,448,98,0.0
742.0,0.015,448,98,0.0
742.5,0.015,449,99,0.0
743.0,0.018,449,99,0.0
743.5,0.013,449,99,0.0
744.0,0.015,450,100,0.0
744.5,0.013,450,100,0.0
745.0,0.013,450,101,0.0
745.5,0.013,450,101,0.0
746.0,0.015,451,101,0.0
746.5,0.013,451,100,0.0
747.0,0.015,451,100,0.0
747.5,0.011,452,100,0.0
748.0,0.015,452,100,0.0
748.5,0.013,452,100,1.8
749.0,0.016,452,99,3.0
749.5,0.013,453,100,3.6
750.0,0.016,453,100,4.2
750.5,0.011,453,100,3.6
751.0,0.015,454,100,3.6
751.5,0.013,454,100,3.0
752.0,0.015,454,99,3.0
752.5,0.013,455,99,3.0
753.0,0.013,455,99,3.0
753.5,0.013,455,99,3.6
754.0,0.013,456,99,3.6
754.5,0.013,456,100,3.6
755.0,0.015,456,100,4.2
755.5,0.013,456,100,4.2
756.0,0.013,457,100,4.2
756.5,0.015,457,100,4.2
757.0,0.013,457,100,3.6
757.5,0.013,458,100,3.6
758.0,0.015,458,100,3.6
758.5,0.011,458,100,3.6
759.0,0.013,459,100,4.2
759.5,0.015,459,100,4.2
760.0,0.013,459,100,3.6
760.5,0.013,459,100,3.6
761.0,0.016,460,100,3.6
761.5,0.013,460,100,3.0
762.0,0.013,460,100,3.0
762.5,0.015,461,100,2.4000000000000004
763.0,0.013,461,101,2.4000000000000004
763.5,0.013,461,101,3.0
764.0,0.016,462,100,3.0
764.5,0.013,462,100,3.0
765.0,0.011,462,100,3.0
765.5,0.013,462,100,2.4000000000000004
766.0,0.013,463,100,2.4000000000000004
766.5,0.011,463,101,1.8
767.0,0.013,463,101,1.8
767.5,0.015,464,100,1.8
768.0,0.011,464,100,1.8
768.5,0.015,464,99,1.8
769.0,0.013,465,99,1.8
769.5,0.013,465,98,1.8
770.0,0.013,465,98,1.8
770.5,0.015,465,98,1.2000000000000002
771.0,0.011,466,98,0.0
771.5,0.015,466,98,0.0
772.0,0.011,466,98,0.0
772.5,0.013,467,99,0.0
773.0,0.013,467,99,0.0
773.5,0.015,467,98,0.0
774.0,0.013,468,98,0.0
774.5,0.015,468,98,0.0
775.0,0.013,468,99,0.0
775.5,0.013,468,99,0.0
776.0,0.015,469,99,0.0
776.5,0.015,469,99,0.0
777.0,0.015,469,100,0.0
777.5,0.016,470,100,0.0
778.0,0.011,470,101,0.0
778.5,0.013,470,101,0.0
779.0,0.013,471,100,0.0
779.5,0.015,471,100,0.0
780.0,0.013,471,100,0.0
780.5,0.015,472,100,0.0
781.0,0.013,472,99,1.2000000000000002
781.5,0.015,472,99,3.0
782.0,0.015,472,99,3.6
782.5,0.015,473,100,3.6
783.0,0.015,473,100,3.6
783.5,0.016,473,100,3.6
784.0,0.013,474,99,3.0
784.5,0.015,474,99,3.0
785.0,0.013,474,99,3.0
785.5,0.013,475,99,3.6
786.0,0.015,475,99,3.6
786.5,0.015,475,99,3.6
787.0,0.015,476,99,4.2
787.5,0.015,476,100,4.2
788.0,0.013,476,100,4.2
788.5,0.015,477,100,3.6
789.0,0.013,477,100,3.6
789.5,0.015,477,100,3.6
790.0,0.013,477,99,3.6
790.5,0.011,478,99,3.6
791.0,0.013,478,99,3.6
791.5,0.011,478,100,3.6
792.0,0.015,479,99,3.6
792.5,0.013,479,100,3.6
793.0,0.015,479,100,3.6
793.5,0.011,480,100,3.6
794.0,0.013,480,100,3.0
794.5,0.013,480,100,3.0
795.0,0.013,481,100,3.0
795.5,0.013,481,100,3.0
796.0,0.013,481,100,3.0
796.5,0.013,481,100,3.6
797.0,0.013,482,100,3.0
797.5,0.013,482,100,2.4000000000000004
798.0,0.015,482,100,1.8
798.5,0.013,483,100,1.8
799.0,0.015,483,101,1.8
799.5,0.013,483,100,1.8
800.0,0.013,483,100,1.8
800.5,0.013,484,99,1.8
801.0,0.013,484,99,1.8
801.5,0.011,484,98,1.2000000000000002
802.0,0.013,485,98,1.8
802.5,0.015,485,98,1.2000000000000002
803.0,0.015,485,98,0.0
803.5,0.011,486,98,0.0
804.0,0.013,486,98,0.0
804.5,0.015,486,98,0.0
805.0,0.013,486,99,0.0
805.5,0.015,487,99,0.0
806.0,0.013,487,98,0.0
806.5,0.015,487,99,0.0
807.0,0.013,488,98,0.0
807.5,0.015,488,98,0.0
808.0,0.013,488,99,0.0
808.5,0.016,489,99,0.0
809.0,0.015,489,100,0.0
809.5,0.013,489,101,0.0
810.0,0.015,489,101,0.0
810.5,0.016,490,101,0.0
811.0,0.013,490,101,0.0
811.5,0.016,490,100,0.0
812.0,0.015,491,100,0.0
812.5,0.015,491,100,0.0
813.0,0.013,491,100,0.6000000000000001
813.5,0.016,492,99,2.4000000000000004
814.0,0.015,492,100,3.6
814.5,0.015,492,100,3.6
815.0,0.015,492,100,3.6
815.5,0.015,493,100,3.6
816.0,0.015,493,100,3.6
816.5,0.016,493,99,3.0
817.0,0.015,494,99,3.0
817.5,0.016,494,99,3.0
818.0,0.015,494,99,3.6
818.5,0.016,495,99,3.6
819.0,0.013,495,99,3.6
819.5,0.016,495,100,4.2
820.0,0.015,496,100,4.2
820.5,0.016,496,100,4.2
821.0,0.016,496,100,4.2
821.5,0.015,496,100,3.6
822.0,0.013,497,100,3.6
822.5,0.016,497,100,3.6
823.0,0.015,497,100,3.6
823.5,0.016,498,100,3.6
824.0,0.015,498,100,4.2
824.5,0.013,498,100,3.6
825.0,0.013,498,100,3.6
825.5,0.018,499,100,3.6
826.0,0.015,499,100,3.6
826.5,0.018,499,100,3.0
827.0,0.015,500,100,3.0
827.5,0.015,500,100,3.0
828.0,0.015,500,100,3.0
828.5,0.015,501,101,3.0
829.0,0.016,501,101,3.0
829.5,0.016,501,100,3.0
830.0,0.015,501,100,3.0
830.5,0.013,502,100,2.4000000000000004
831.0,0.015,502,101,1.8
831.5,0.016,502,101,1.8
832.0,0.015,503,101,1.8
832.5,0.016,503,100,1.8
833.0,0.015,503,99,1.8
833.5,0.013,504,99,1.8
834.0,0.015,504,99,1.8
834.5,0.015,504,98,1.8
835.0,0.015,505,98,1.2000000000000002
835.5,0.015,505,98,0.0
836.0,0.015,505,98,0.0
836.5,0.013,505,98,0.0
837.0,0.016,506,98,0.0
837.5,0.013,506,99,0.0
838.0,0.018,506,99,0.0
838.5,0.015,507,98,0.0
839.0,0.018,507,98,0.0
839.5,0.013,507,98,0.0
840.0,0.015,507,99,0.0
840.5,0.015,508,99,0.0
841.0,0.015,508,100,0.0
841.5,0.013,508,100,0.0
842.0,0.016,509,101,0.0
842.5,0.013,509,101,0.0
843.0,0.015,509,101,0.0
843.5,0.015,510,101,0.0
844.0,0.015,510,101,0.0
844.5,0.015,510,100,0.0
845.0,0.016,511,100,0.0
845.5,0.013,511,100,0.0
846.0,0.016,511,99,2.4000000000000004
846.5,0.016,511,99,3.0
847.0,0.015,512,100,3.6
847.5,0.015,512,100,3.6
848.0,0.015,512,100,3.6
848.5,0.013,513,100,3.6
849.0,0.015,513,99,3.0
849.5,0.015,513,99,3.0
850.0,0.016,514,99,3.0
850.5,0.016,514,99,3.0
851.0,0.016,514,99,3.6
851.5,0.015,514,99,3.6
852.0,0.016,515,99,4.2
852.5,0.016,515,99,4.2
853.0,0.016,515,100,4.800000000000001
853.5,0.016,516,100,4.2
854.0,0.016,516,100,4.2
854.5,0.015,516,100,3.6
855.0,0.015,516,100,3.6
855.5,0.015,517,100,3.6
856.0,0.016,517,100,3.6
856.5,0.015,517,100,4.2
857.0,0.016,518,100,3.6
857.5,0.015,518,100,3.6
858.0,0.016,518,100,3.6
858.5,0.018,519,100,3.6
859.0,0.015,519,100,3.0
859.5,0.015,519,100,3.0
860.0,0.018,520,100,3.0
860.5,0.015,520,100,3.0
861.0,0.015,520,101,3.0
861.5,0.015,520,100,3.0
862.0,0.015,521,100,3.6
862.5,0.015,521,100,2.4000000000000004
863.0,0.016,521,100,2.4000000000000004
863.5,0.016,522,101,1.8
864.0,0.015,522,101,1.8
864.5,0.015,522,101,1.8
865.0,0.015,523,100,1.8
865.5,0.015,523,100,1.8
866.0,0.016,523,99,1.8
866.5,0.015,523,99,1.8
867.0,0.015,524,98,1.8
867.5,0.015,524,98,1.8
868.0,0.016,524,98,0.6000000000000001
868.5,0.015,525,98,0.0
869.0,0.018,525,98,0.0
869.5,0.016,525,98,0.0
870.0,0.015,525,99,0.0
870.5,0.015,526,99,0.0
871.0,0.016,526,98,0.0
871.5,0.016,526,98,0.0
872.0,0.016,527,98,0.0
872.5,0.016,527,99,0.0
873.0,0.016,527,99,0.0
873.5,0.015,528,99,0.0
874.0,0.016,528,100,0.0
874.5,0.016,528,101,0.0
875.0,0.016,529,100,0.0
875.5,0.015,529,101,0.0
876.0,0.015,529,101,0.0
876.5,0.016,529,100,0.0
877.0,0.015,530,100,0.0
877.5,0.015,530,100,0.0
878.0,0.015,530,100,0.0
878.5,0.015,531,100,1.8
879.0,0.013,531,99,3.0
879.5,0.016,531,100,3.6
880.0,0.015,531,100,3.6
880.5,0.018,532,100,3.6
881.0,0.015,532,100,3.6
881.5,0.016,532,100,3.0
882.0,0.015,533,99,3.0
882.5,0.016,533,99,3.0
883.0,0.015,533,99,3.0
883.5,0.016,534,99,3.6
884.0,0.016,534,99,3.6
884.5,0.016,534,99,3.6
885.0,0.015,535,99,4.2
885.5,0.016,535,100,4.2
886.0,0.016,535,100,4.2
886.5,0.015,535,100,3.6
887.0,0.016,536,100,3.6
887.5,0.015,536,100,3.6
888.0,0.015,536,99,3.6
888.5,0.018,537,100,3.6
889.0,0.016,537,99,3.6
889.5,0.018,537,99,3.6
890.0,0.015,538,99,3.6
890.5,0.016,538,100,3.6
891.0,0.016,538,100,3.6
891.5,0.018,538,99,3.0
892.0,0.016,539,100,3.0
892.5,0.018,539,100,3.0
893.0,0.015,539,100,3.0
893.5,0.016,540,100,3.0
894.0,0.016,540,100,3.0
894.5,0.018,540,100,3.0
895.0,0.016,540,100,2.4000000000000004
895.5,0.018,541,100,2.4000000000000004
896.0,0.016,541,100,1.8
896.5,0.018,541,100,1.8
897.0,0.016,542,100,1.8
897.5,0.018,542,100,1.2000000000000002
898.0,0.016,542,99,1.8
898.5,0.016,543,99,1.8
899.0,0.015,543,99,1.2000000000000002
899.5,0.018,543,98,1.2000000000000002
900.0,0.015,544,98,1.8
900.5,0.019,544,98,0.6000000000000001
901.0,0.015,544,98,0.0
901.5,0.015,544,98,0.0
902.0,0.016,545,98,0.0
902.5,0.019,545,98,0.0
903.0,0.015,545,99,0.0
903.5,0.019,546,98,0.0
904.0,0.018,546,98,0.0
904.5,0.016,546,98,0.0
905.0,0.016,546,98,0.0
905.5,0.018,547,98,0.0
906.0,0.016,547,100,0.0
906.5,0.016,547,99,0.0
907.0,0.018,548,100,0.0
907.5,0.015,548,101,0.0
908.0,0.016,548,101,0.0
908.5,0.018,549,101,0.0
909.0,0.016,549,101,0.0
909.5,0.016,549,100,0.0
910.0,0.016,550,100,0.0
910.5,0.015,550,100,0.0
911.0,0.016,550,100,1.2000000000000002
911.5,0.016,550,99,3.0
912.0,0.016,551,100,3.6
912.5,0.016,551,100,4.2
913.0,0.018,551,100,3.6
913.5,0.015,552,100,3.6
914.0,0.018,552,100,3.6
914.5,0.016,552,99,3.0
915.0,0.016,553,99,3.0
915.5,0.018,553,99,3.0
916.0,0.019,553,99,3.6
916.5,0.016,553,99,3.6
917.0,0.018,554,99,3.6
917.5,0.016,554,100,4.2
918.0,0.015,554,100,4.2
918.5,0.016,555,100,4.2
919.0,0.018,555,100,4.2
919.5,0.015,555,100,3.6
920.0,0.019,555,99,3.6
920.5,0.016,556,100,3.0
921.0,0.018,556,100,3.0
921.5,0.016,556,99,4.2
922.0,0.018,557,100,3.6
922.5,0.016,557,99,3.6
923.0,0.021,557,99,3.6
923.5,0.016,558,99,3.6
924.0,0.016,558,100,3.6
924.5,0.016,558,100,3.0
925.0,0.018,559,100,3.0
925.5,0.015,559,100,3.0
926.0,0.021,559,100,3.0
926.5,0.016,559,100,3.0
927.0,0.016,560,100,3.0
927.5,0.016,560,100,3.0
928.0,0.016,560,100,2.4000000000000004
928.5,0.016,561,100,2.4000000000000004
929.0,0.021,561,100,1.8
929.5,0.016,561,101,1.8
930.0,0.015,562,100,1.8
930.5,0.015,562,100,1.8
931.0,0.018,562,99,1.8
931.5,0.016,562,99,1.8
932.0,0.018,563,98,1.8
932.5,0.016,563,98,1.8
933.0,0.015,563,98,1.2000000000000002
933.5,0.016,564,98,0.0
934.0,0.016,564,98,0.0
934.5,0.016,564,98,0.0
935.0,0.016,564,98,0.0
935.5,0.016,565,99,0.0
936.0,0.015,565,99,0.0
936.5,0.016,565,98,0.0
937.0,0.016,566,99,0.0
937.5,0.018,566,99,0.0
938.0,0.016,566,99,0.0
938.5,0.018,567,100,0.0
939.0,0.016,567,100,0.0
939.5,0.016,567,100,0.0
940.0,0.018,568,101,0.0
940.5,0.016,568,101,0.0
941.0,0.015,568,101,0.0
941.5,0.016,568,101,0.0
942.0,0.016,569,101,0.0
942.5,0.016,569,101,0.0
943.0,0.016,569,101,0.0
943.5,0.016,570,100,1.2000000000000002
944.0,0.016,570,100,2.4000000000000004
944.5,0.016,570,100,3.0
945.0,0.015,571,100,3.6
945.5,0.018,571,101,3.6
946.0,0.016,571,101,3.6
946.5,0.015,571,100,3.0
947.0,0.015,572,100,3.0
947.5,0.016,572,99,3.0
948.0,0.015,572,99,3.0
948.5,0.018,573,99,3.0
949.0,0.015,573,99,3.6
949.5,0.015,573,99,3.6
950.0,0.018,574,100,3.6
950.5,0.018,574,100,4.2
951.0,0.016,574,100,4.2
951.5,0.018,574,100,4.2
952.0,0.016,575,100,3.6
952.5,0.016,575,100,3.6
953.0,0.015,575,100,3.6
953.5,0.016,576,100,3.6
954.0,0.016,576,100,3.6
954.5,0.018,576,100,4.2
955.0,0.016,577,99,3.6
955.5,0.016,577,99,3.6
956.0,0.015,577,100,3.6
956.5,0.018,577,100,3.6
957.0,0.016,578,100,3.0
957.5,0.018,578,100,3.0
958.0,0.016,578,100,3.0
958.5,0.016,579,101,3.0
959.0,0.016,579,101,3.0
959.5,0.019,579,100,3.0
960.0,0.016,580,100,3.6
960.5,0.019,580,100,2.4000000000000004
961.0,0.016,580,100,2.4000000000000004
961.5,0.015,580,100,1.8
962.0,0.015,581,101,1.8
962.5,0.018,581,101,1.8
963.0,0.018,581,100,1.8
963.5,0.018,582,99,1.8
964.0,0.016,582,99,1.8
964.5,0.016,582,99,1.8
965.0,0.016,583,98,1.8
965.5,0.018,583,98,2.4000000000000004
966.0,0.016,583,98,0.0
966.5,0.016,584,98,0.0
967.0,0.016,584,98,0.0
967.5,0.016,584,98,0.0
968.0,0.015,584,98,0.0
968.5,0.019,585,99,0.0
969.0,0.018,585,98,0.0
969.5,0.018,585,98,0.0
970.0,0.016,586,98,0.0
970.5,0.018,586,99,0.0
971.0,0.016,586,98,0.0
971.5,0.019,586,99,0.0
972.0,0.016,587,100,0.0
972.5,0.019,587,100,0.0
973.0,0.016,587,100,0.0
973.5,0.018,588,101,0.0
974.0,0.016,588,101,0.0
974.5,0.019,588,100,0.0
975.0,0.016,589,100,0.0
975.5,0.018,589,100,0.0
976.0,0.018,589,100,0.0
976.5,0.018,589,99,1.8
977.0,0.015,590,99,3.0
977.5,0.019,590,100,3.6
978.0,0.018,590,100,3.6
978.5,0.018,591,100,3.6
979.0,0.018,591,100,3.6
979.5,0.016,591,100,3.0
980.0,0.016,592,99,3.0
980.5,0.016,592,99,3.0
981.0,0.018,592,99,3.0
981.5,0.019,592,99,3.6
982.0,0.018,593,99,3.6
982.5,0.016,593,99,3.6
983.0,0.018,593,100,4.2
983.5,0.016,594,100,4.2
984.0,0.018,594,100,4.2
984.5,0.018,594,100,3.6
985.0,0.018,595,100,3.6
985.5,0.019,595,100,3.0
986.0,0.016,595,100,3.0
986.5,0.016,595,100,3.6
987.0,0.018,596,100,3.6
987.5,0.019,596,99,3.6
988.0,0.019,596,100,3.6
988.5,0.016,597,100,3.6
989.0,0.019,597,100,3.6
989.5,0.018,597,100,3.0
990.0,0.018,598,100,3.0
990.5,0.016,598,100,3.0
991.0,0.019,598,100,3.0
991.5,0.016,598,101,3.0
992.0,0.018,599,100,3.0
992.5,0.018,599,100,3.0
993.0,0.018,599,100,3.0
993.5,0.016,600,100,2.4000000000000004
994.0,0.019,600,100,1.8
994.5,0.018,600,101,1.8
995.0,0.018,601,101,1.8
995.5,0.016,601,100,1.2000000000000002
996.0,0.018,601,100,1.2000000000000002
996.5,0.016,602,99,1.2000000000000002
997.0,0.018,602,99,1.8
997.5,0.016,602,98,1.2000000000000002
998.0,0.018,602,98,1.8
998.5,0.018,603,98,0.6000000000000001
999.0,0.018,603,98,0.0
999.5,0.016,603,98,0.0
1000.0,0.019,604,98,0.0
1000.5,0.016,604,98,0.0
1001.0,0.018,604,98,0.0
1001.5,0.016,604,98,0.0
1002.0,0.018,605,98,0.0
1002.5,0.018,605,98,0.0
1003.0,0.019,605,98,0.0
1003.5,0.018,606,99,0.0
1004.0,0.016,606,99,0.0
1004.5,0.016,606,99,0.0
1005.0,0.018,607,100,0.0
1005.5,0.018,607,101,0.0
1006.0,0.018,607,101,0.0
1006.5,0.018,607,101,0.0
1007.0,0.018,608,100,0.0
1007.5,0.016,608,100,0.0
1008.0,0.016,608,100,0.0
1008.5,0.018,609,100,0.0
1009.0,0.018,609,100,1.2000000000000002
1009.5,0.016,609,99,3.0
1010.0,0.016,610,100,3.6
1010.5,0.018,610,100,3.6
1011.0,0.018,610,100,3.6
1011.5,0.018,610,100,3.6
1012.0,0.016,611,100,3.0
1012.5,0.016,611,99,3.0
1013.0,0.016,611,99,3.0
1013.5,0.018,612,99,3.0
1014.0,0.016,612,99,3.0
1014.5,0.016,612,99,3.6
1015.0,0.018,613,100,3.6
1015.5,0.018,613,100,4.2
1016.0,0.016,613,100,4.2
1016.5,0.018,613,100,4.2
1017.0,0.018,614,100,3.6
1017.5,0.016,614,100,3.6
1018.0,0.016,614,100,3.0
1018.5,0.016,615,100,3.0
1019.0,0.016,615,100,3.6
1019.5,0.016,615,100,3.6
1020.0,0.018,616,100,3.6
1020.5,0.016,616,99,3.6
1021.0,0.016,616,100,3.6
1021.5,0.018,617,100,3.6
1022.0,0.016,617,100,3.6
1022.5,0.016,617,100,3.0
1023.0,0.016,617,100,3.0
1023.5,0.016,618,100,2.4000000000000004
1024.0,0.016,618,100,2.4000000000000004
1024.5,0.018,618,101,3.0
1025.0,0.016,619,100,3.0
1025.5,0.018,619,100,3.0
1026.0,0.016,619,100,2.4000000000000004
1026.5,0.016,619,100,1.8
1027.0,0.018,620,101,1.8
1027.5,0.016,620,101,1.8
1028.0,0.015,620,100,1.8
1028.5,0.016,621,100,1.8
1029.0,0.015,621,99,1.8
1029.5,0.015,621,99,1.2000000000000002
1030.0,0.016,622,98,1.2000000000000002
1030.5,0.016,622,98,1.8
1031.0,0.016,622,98,1.2000000000000002
1031.5,0.018,623,98,0.0
1032.0,0.015,623,98,0.0
1032.5,0.018,623,98,0.0
1033.0,0.018,623,98,0.0
1033.5,0.016,624,99,0.0
1034.0,0.016,624,98,0.0
1034.5,0.016,624,98,0.0
1035.0,0.018,625,99,0.0
1035.5,0.016,625,98,0.0
1036.0,0.016,625,98,0.0
1036.5,0.016,625,99,0.0
1037.0,0.016,626,99,0.0
1037.5,0.019,626,99,0.0
1038.0,0.018,626,100,0.0
1038.5,0.016,627,101,0.0
1039.0,0.016,627,101,0.0
1039.5,0.018,627,100,0.0
1040.0,0.016,628,100,0.0
1040.5,0.016,628,100,0.0
1041.0,0.016,628,100,0.0
1041.5,0.016,628,99,0.6000000000000001
1042.0,0.016,629,99,2.4000000000000004
1042.5,0.018,629,99,3.6
1043.0,0.015,629,100,4.2
1043.5,0.018,630,100,4.2
1044.0,0.015,630,100,3.6
1044.5,0.018,630,100,3.6
1045.0,0.016,631,99,3.0
1045.5,0.016,631,99,3.0
1046.0,0.015,631,99,3.6
1046.5,0.016,632,99,3.6
1047.0,0.015,632,99,3.6
1047.5,0.018,632,99,3.6
1048.0,0.016,632,99,4.2
1048.5,0.016,633,100,4.2
1049.0,0.016,633,100,4.2
1049.5,0.015,633,100,4.2
1050.0,0.016,634,100,3.6
1050.5,0.016,634,100,3.6
1051.0,0.019,634,100,3.6
1051.5,0.015,634,100,3.6
1052.0,0.015,635,100,3.6
1052.5,0.018,635,100,4.2
1053.0,0.016,635,100,3.6
1053.5,0.016,636,100,3.6
1054.0,0.018,636,100,3.6
1054.5,0.016,636,100,3.6
1055.0,0.015,637,100,3.0
1055.5,0.018,637,100,3.0
1056.0,0.015,637,100,3.0
1056.5,0.015,637,100,3.0
1057.0,0.016,638,100,3.0
1057.5,0.015,638,100,3.0
1058.0,0.013,638,100,3.6
1058.5,0.016,639,100,2.4000000000000004
1059.0,0.018,639,100,2.4000000000000004
1059.5,0.015,639,100,1.8
1060.0,0.018,640,101,1.8
1060.5,0.016,640,100,1.8
1061.0,0.015,640,100,1.8
1061.5,0.016,641,99,1.8
1062.0,0.016,641,99,1.8
1062.5,0.013,641,99,1.8
1063.0,0.018,641,98,1.8
1063.5,0.015,642,98,1.8
1064.0,0.016,642,98,0.0
1064.5,0.013,642,98,0.0
1065.0,0.016,643,98,0.0
1065.5,0.015,643,98,0.0
1066.0,0.019,643,99,0.0
1066.5,0.015,643,99,0.0
1067.0,0.016,644,98,0.0
1067.5,0.015,644,98,0.0
1068.0,0.016,644,98,0.0
1068.5,0.015,645,99,0.0
1069.0,0.018,645,99,0.0
1069.5,0.015,645,100,0.0
1070.0,0.015,646,100,0.0
1070.5,0.013,646,100,0.0
1071.0,0.016,646,101,0.0
1071.5,0.015,646,101,0.0
1072.0,0.019,647,101,0.0
1072.5,0.013,647,101,0.0
1073.0,0.015,647,100,0.0
1073.5,0.015,648,100,0.0
1074.0,0.015,648,100,0.0
1074.5,0.015,648,99,1.8
1075.0,0.015,649,99,3.0
1075.5,0.013,649,100,3.6
1076.0,0.013,649,100,3.6
1076.5,0.016,649,100,3.6
1077.0,0.015,650,100,3.6
1077.5,0.013,650,99,3.0
1078.0,0.015,650,99,3.0
1078.5,0.015,651,99,3.0
1079.0,0.015,651,99,3.0
1079.5,0.016,651,99,3.6
1080.0,0.013,652,99,3.6
1080.5,0.013,652,99,3.6
1081.0,0.015,652,99,4.2
1081.5,0.015,652,100,4.2
1082.0,0.013,653,100,4.2
1082.5,0.015,653,100,3.6
1083.0,0.011,653,100,3.6
1083.5,0.013,654,99,3.6
1084.0,0.013,654,99,3.6
1084.5,0.013,654,99,3.6
1085.0,0.015,655,99,4.2
1085.5,0.013,655,99,3.6
1086.0,0.011,655,99,3.6
1086.5,0.013,655,99,3.6
1087.0,0.013,656,99,3.6
1087.5,0.015,656,100,3.6
1088.0,0.013,656,100,3.0
1088.5,0.015,657,99,3.0
1089.0,0.013,657,100,3.0
1089.5,0.015,657,100,3.0
1090.0,0.015,658,100,3.0
1090.5,0.016,658,100,3.6
1091.0,0.013,658,100,3.0
1091.5,0.015,658,100,2.4000000000000004
1092.0,0.013,659,100,2.4000000000000004
1092.5,0.013,659,101,1.8
1093.0,0.013,659,101,1.8
1093.5,0.015,660,100,1.8
1094.0,0.011,660,100,1.8
1094.5,0.013,660,99,1.2000000000000002
1095.0,0.015,661,99,1.2000000000000002
1095.5,0.013,661,98,1.8
1096.0,0.011,661,98,1.8
1096.5,0.015,662,98,0.6000000000000001
1097.0,0.013,662,98,0.0
1097.5,0.015,662,99,0.0
1098.0,0.015,662,98,0.0
1098.5,0.013,663,99,0.0
1099.0,0.011,663,99,0.0
1099.5,0.016,663,99,0.0
1100.0,0.013,664,99,0.0
1100.5,0.015,664,98,0.0
1101.0,0.015,664,98,0.0
1101.5,0.013,664,99,0.0
1102.0,0.015,665,100,0.0
1102.5,0.016,665,100,0.0
1103.0,0.015,665,101,0.0
1103.5,0.015,666,101,0.0
1104.0,0.016,666,101,0.0
1104.5,0.013,666,101,0.0
1105.0,0.013,667,101,0.6000000000000001
1105.5,0.015,667,101,0.0
1106.0,0.015,667,101,0.0
1106.5,0.013,667,100,0.0
1107.0,0.016,668,100,1.8
1107.5,0.013,668,99,3.0
1108.0,0.011,668,100,3.6
1108.5,0.015,669,100,3.6
1109.0,0.015,669,101,3.6
1109.5,0.015,669,100,3.0
1110.0,0.015,670,100,3.0
1110.5,0.013,670,99,3.0
1111.0,0.013,670,99,3.0
1111.5,0.016,671,99,3.0
1112.0,0.015,671,99,3.6
1112.5,0.016,671,99,3.6
1113.0,0.016,671,100,3.6
1113.5,0.015,672,100,4.2
1114.0,0.013,672,100,4.2
1114.5,0.016,672,100,4.2
1115.0,0.013,673,100,3.6
1115.5,0.016,673,100,3.6
1116.0,0.013,673,100,3.0
1116.5,0.013,673,100,3.0
1117.0,0.013,674,100,3.6
1117.5,0.015,674,100,3.6
1118.0,0.015,674,100,3.6
1118.5,0.015,675,100,3.6
1119.0,0.013,675,100,3.6
1119.5,0.015,675,100,3.6
1120.0,0.015,676,100,3.0
1120.5,0.015,676,100,3.0
1121.0,0.013,676,100,3.0
1121.5,0.016,676,100,3.0
1122.0,0.013,677,101,3.0
1122.5,0.013,677,100,3.0
1123.0,0.013,677,100,3.6
1123.5,0.015,678,100,3.0
1124.0,0.016,678,100,2.4000000000000004
1124.5,0.016,678,100,1.8
1125.0,0.015,679,101,1.8
1125.5,0.013,679,101,1.8
1126.0,0.015,679,100,1.8
1126.5,0.013,680,100,1.2000000000000002
1127.0,0.015,680,99,1.8
1127.5,0.016,680,99,1.2000000000000002
1128.0,0.016,680,98,1.8
1128.5,0.013,681,98,1.8
1129.0,0.013,681,98,0.6000000000000001
1129.5,0.015,681,98,0.0
1130.0,0.015,682,98,0.0
1130.5,0.016,682,98,0.0
1131.0,0.015,682,98,0.0
1131.5,0.011,682,98,0.0
1132.0,0.015,683,98,0.0
1132.5,0.015,683,98,0.0
1133.0,0.015,683,98,0.0
1133.5,0.013,684,98,0.0
1134.0,0.015,684,98,0.0
1134.5,0.013,684,99,0.0
1135.0,0.015,685,99,0.0
1135.5,0.015,685,100,0.0
1136.0,0.015,685,101,0.0
1136.5,0.015,686,101,0.0
1137.0,0.018,686,101,0.0
1137.5,0.015,686,101,0.0
1138.0,0.015,686,100,0.0
1138.5,0.015,687,100,0.0
1139.0,0.016,687,100,0.0
1139.5,0.015,687,99,1.2000000000000002
1140.0,0.016,688,99,3.0
1140.5,0.015,688,99,3.6
1141.0,0.015,688,100,4.2
1141.5,0.016,689,100,3.6
1142.0,0.016,689,100,3.6
1142.5,0.016,689,100,3.6
1143.0,0.016,689,99,3.0
1143.5,0.015,690,99,3.0
1144.0,0.016,690,99,3.0
1144.5,0.015,690,99,3.6
1145.0,0.016,691,99,3.6
1145.5,0.016,691,100,3.6
1146.0,0.016,691,100,4.2
1146.5,0.016,691,100,4.2
1147.0,0.016,692,100,4.2
1147.5,0.015,692,100,4.2
1148.0,0.016,692,100,3.6
1148.5,0.013,693,100,3.6
1149.0,0.016,693,100,3.0
1149.5,0.015,693,100,3.6
1150.0,0.016,694,100,3.6
1150.5,0.016,694,100,3.6
1151.0,0.016,694,100,3.6
1151.5,0.013,695,100,3.6
1152.0,0.016,695,100,3.6
1152.5,0.015,695,100,3.6
1153.0,0.016,695,100,3.6
1153.5,0.015,696,100,3.0
1154.0,0.016,696,100,3.0
1154.5,0.016,696,100,3.0
1155.0,0.015,697,100,3.0
1155.5,0.016,697,100,3.0
1156.0,0.016,697,100,3.0
1156.5,0.015,698,100,2.4000000000000004
1157.0,0.015,698,100,2.4000000000000004
1157.5,0.015,698,101,1.8
1158.0,0.015,698,101,1.8
1158.5,0.016,699,101,1.8
1159.0,0.019,699,100,1.8
1159.5,0.015,699,100,1.8
1160.0,0.016,700,99,1.8
1160.5,0.015,700,99,1.8
1161.0,0.015,700,98,1.8
1161.5,0.015,701,98,1.8
1162.0,0.016,701,98,0.0
1162.5,0.015,701,98,0.0
1163.0,0.016,701,98,0.0
1163.5,0.015,702,99,0.0
1164.0,0.016,702,99,0.0
1164.5,0.016,702,99,0.0
1165.0,0.015,703,98,0.0
1165.5,0.015,703,99,0.0
1166.0,0.015,703,98,0.0
1166.5,0.016,704,99,0.0
1167.0,0.016,704,99,0.0
1167.5,0.016,704,100,0.0
1168.0,0.016,704,100,0.0
1168.5,0.016,705,101,0.0
1169.0,0.015,705,101,0.0
1169.5,0.018,705,101,0.0
1170.0,0.015,706,101,0.0
1170.5,0.015,706,101,0.0
1171.0,0.015,706,100,0.0
1171.5,0.015,707,100,0.0
1172.0,0.016,707,100,0.6000000000000001
1172.5,0.016,707,99,2.4000000000000004
1173.0,0.015,707,100,3.6
1173.5,0.016,708,100,3.6
1174.0,0.013,708,101,3.6
1174.5,0.015,708,100,3.6
1175.0,0.013,709,100,3.6
1175.5,0.015,709,99,3.0
1176.0,0.015,709,99,3.0
1176.5,0.015,710,99,3.0
1177.0,0.015,710,99,3.0
1177.5,0.015,710,99,3.6
1178.0,0.015,710,99,3.6
1178.5,0.015,711,99,3.6
1179.0,0.015,711,100,4.2
1179.5,0.015,711,100,4.2
1180.0,0.015,712,100,4.2
1180.5,0.018,712,100,3.6
1181.0,0.015,712,100,3.6
1181.5,0.016,713,99,3.6
1182.0,0.013,713,99,3.6
1182.5,0.015,713,100,3.6
1183.0,0.015,713,99,4.2
1183.5,0.015,714,99,3.6
1184.0,0.015,714,100,3.6
1184.5,0.016,714,99,3.6
1185.0,0.015,715,99,3.6
1185.5,0.016,715,100,3.6
1186.0,0.015,715,100,3.0
1186.5,0.015,716,100,3.0
1187.0,0.015,716,100,3.0
1187.5,0.018,716,100,3.0
1188.0,0.015,716,100,3.6
1188.5,0.015,717,100,3.6
1189.0,0.015,717,100,2.4000000000000004
1189.5,0.016,717,100,2.4000000000000004
1190.0,0.015,718,100,1.8
1190.5,0.015,718,101,1.8
1191.0,0.013,718,101,1.8
1191.5,0.015,719,100,1.8
1192.0,0.015,719,99,1.8
1192.5,0.015,719,99,1.8
1193.0,0.015,719,99,1.8
1193.5,0.018,720,98,1.8
1194.0,0.015,720,98,1.8
1194.5,0.015,720,98,0.6000000000000001
1195.0,0.015,721,98,0.0
1195.5,0.016,721,98,0.0
1196.0,0.016,721,98,0.0
1196.5,0.015,722,98,0.0
1197.0,0.015,722,99,0.0
1197.5,0.015,722,98,0.0
1198.0,0.015,722,98,0.0
1198.5,0.015,723,98,0.0
1199.0,0.015,723,99,0.0
1199.5,0.015,723,99,0.0
1200.0,0.015,724,99,0.0
1200.5,0.015,724,100,0.0
1201.0,0.016,725,101,0.6000000000000001
1201.5,0.015,725,101,0.0
1202.0,0.015,725,101,0.0
1202.5,0.016,725,100,0.0
1203.0,0.015,726,100,0.0
1203.5,0.015,726,100,0.0
1204.0,0.015,726,100,0.0
1204.5,0.013,727,99,1.8
1205.0,0.013,727,99,3.0
1205.5,0.016,727,100,3.6
1206.0,0.018,728,100,3.6
1206.5,0.015,728,100,3.6
1207.0,0.015,728,100,3.6
1207.5,0.015,728,100,3.0
1208.0,0.013,729,99,3.0
1208.5,0.016,729,99,3.0
1209.0,0.015,729,99,3.0
1209.5,0.015,730,99,3.6
1210.0,0.015,730,99,3.6
1210.5,0.015,730,99,3.6
1211.0,0.013,731,99,4.2
1211.5,0.016,731,100,4.2
1212.0,0.015,731,100,4.2
1212.5,0.018,731,100,3.6
1213.0,0.015,732,100,3.6
1213.5,0.015,732,99,3.0
1214.0,0.013,732,99,3.0
1214.5,0.015,733,99,3.6
1215.0,0.015,733,99,3.6
1215.5,0.015,733,99,3.6
1216.0,0.015,734,98,3.6
1216.5,0.013,734,99,3.6
1217.0,0.013,734,100,3.6
1217.5,0.016,734,100,3.6
1218.0,0.013,735,100,3.0
1218.5,0.013,735,100,3.0
1219.0,0.015,735,99,3.0
1219.5,0.013,736,100,3.0
1220.0,0.013,736,100,3.0
1220.5,0.016,736,100,3.6
1221.0,0.015,737,100,3.0
1221.5,0.015,737,100,2.4000000000000004
1222.0,0.013,737,100,2.4000000000000004
1222.5,0.013,737,100,1.8
1223.0,0.013,738,100,2.4000000000000004
1223.5,0.018,738,100,1.8
1224.0,0.015,738,99,1.8
1224.5,0.015,739,99,1.8
1225.0,0.015,739,98,1.2000000000000002
1225.5,0.015,739,98,1.2000000000000002
1226.0,0.013,739,98,1.2000000000000002
1226.5,0.016,740,98,0.6000000000000001
1227.0,0.015,740,97,0.0
1227.5,0.016,740,98,0.0
1228.0,0.016,741,98,0.0
1228.5,0.015,741,98,0.0
1229.0,0.015,741,98,0.0
1229.5,0.019,742,98,0.0
1230.0,0.015,742,98,0.0
1230.5,0.016,742,98,0.0
1231.0,0.016,743,98,0.0
1231.5,0.015,743,99,0.0
1232.0,0.015,743,100,0.0
1232.5,0.018,743,99,0.0
1233.0,0.016,744,100,0.0
1233.5,0.016,744,101,0.0
1234.0,0.016,744,100,0.0
1234.5,0.015,745,101,0.0
1235.0,0.015,745,100,0.0
1235.5,0.016,745,100,0.0
1236.0,0.016,745,100,0.0
1236.5,0.016,746,100,0.0
1237.0,0.016,746,99,0.6000000000000001
1237.5,0.015,746,99,2.4000000000000004
1238.0,0.013,747,99,3.6
1238.5,0.015,747,100,3.6
1239.0,0.016,747,100,3.6
1239.5,0.016,748,100,3.6
1240.0,0.016,748,99,3.6
1240.5,0.015,748,99,3.0
1241.0,0.015,749,99,3.0
1241.5,0.015,749,99,3.0
1242.0,0.015,749,99,3.6
1242.5,0.015,749,99,3.6
1243.0,0.016,750,99,3.6
1243.5,0.015,750,100,4.2
1244.0,0.015,750,100,4.2
1244.5,0.015,751,100,4.2
1245.0,0.016,751,100,4.2
1245.5,0.015,751,100,3.6
1246.0,0.018,751,100,3.6
1246.5,0.015,752,100,3.0
1247.0,0.016,752,99,3.0
1247.5,0.013,752,99,4.2
1248.0,0.015,753,100,3.6
1248.5,0.015,753,100,3.6
1249.0,0.016,753,99,3.6
1249.5,0.013,754,99,3.6
1250.0,0.016,754,100,3.6
1250.5,0.015,754,100,3.0
1251.0,0.015,754,100,3.0
1251.5,0.015,755,100,3.0
1252.0,0.016,755,100,3.0
1252.5,0.015,755,100,3.0
1253.0,0.015,756,100,3.0
1253.5,0.015,756,100,3.0
1254.0,0.015,756,100,2.4000000000000004
1254.5,0.015,757,100,2.4000000000000004
1255.0,0.019,757,100,1.8
1255.5,0.015,757,100,1.8
1256.0,0.013,758,100,1.8
1256.5,0.013,758,100,1.8
1257.0,0.015,758,99,1.8
1257.5,0.015,758,99,1.8
1258.0,0.018,759,98,1.8
1258.5,0.016,759,98,1.8
1259.0,0.015,759,98,1.2000000000000002
1259.5,0.013,760,98,0.0
1260.0,0.016,760,98,0.0
1260.5,0.016,760,98,0.0
1261.0,0.016,760,98,0.0
1261.5,0.016,761,98,0.0
1262.0,0.013,761,99,0.0
1262.5,0.015,761,98,0.0
1263.0,0.016,762,99,0.0
1263.5,0.015,762,98,0.0
1264.0,0.015,762,99,0.0
1264.5,0.016,763,99,0.0
1265.0,0.013,763,99,0.0
1265.5,0.015,763,100,0.0
1266.0,0.013,764,101,0.0
1266.5,0.015,764,101,0.0
1267.0,0.016,764,101,0.0
1267.5,0.018,764,101,0.0
1268.0,0.015,765,101,0.0
1268.5,0.015,765,100,0.0
1269.0,0.015,765,100,0.0
1269.5,0.015,766,100,0.0
1270.0,0.015,766,99,2.4000000000000004
1270.5,0.015,766,99,3.6
1271.0,0.015,766,100,3.6
1271.5,0.015,767,100,4.2
1272.0,0.015,767,100,3.6
1272.5,0.015,767,100,3.0
1273.0,0.015,768,99,3.0
1273.5,0.015,768,99,3.0
1274.0,0.015,768,99,3.0
1274.5,0.015,769,99,3.0
1275.0,0.015,769,99,3.6
1275.5,0.016,769,99,3.6
1276.0,0.016,769,99,3.6
1276.5,0.016,770,100,4.2
1277.0,0.015,770,100,4.2
1277.5,0.016,770,100,4.2
1278.0,0.015,771,100,3.6
1278.5,0.016,771,100,3.6
1279.0,0.013,771,100,3.6
1279.5,0.016,772,100,3.6
1280.0,0.015,772,100,3.6
1280.5,0.018,772,99,4.2
1281.0,0.016,773,99,3.6
1281.5,0.016,773,100,3.6
1282.0,0.015,773,100,3.6
1282.5,0.016,773,100,3.6
1283.0,0.015,774,100,3.0
1283.5,0.016,774,100,3.0
1284.0,0.015,774,100,3.0
1284.5,0.018,775,100,3.0
1285.0,0.015,775,101,3.0
1285.5,0.016,775,100,3.0
1286.0,0.015,776,100,3.6
1286.5,0.016,776,100,2.4000000000000004
1287.0,0.015,776,100,2.4000000000000004
1287.5,0.016,776,100,2.4000000000000004
1288.0,0.016,777,101,1.8
1288.5,0.018,777,101,1.8
1289.0,0.015,777,100,1.8
1289.5,0.018,778,99,1.8
1290.0,0.015,778,99,1.8
1290.5,0.015,778,99,1.8
1291.0,0.013,778,98,1.8
1291.5,0.016,779,98,1.8
1292.0,0.016,779,98,0.6000000000000001
1292.5,0.016,779,98,0.0
1293.0,0.015,780,98,0.0
1293.5,0.016,780,98,0.0
1294.0,0.015,780,98,0.0
1294.5,0.016,781,99,0.0
1295.0,0.016,781,99,0.0
1295.5,0.016,781,98,0.0
1296.0,0.013,781,99,0.0
1296.5,0.015,782,99,0.0
1297.0,0.013,782,99,0.0
1297.5,0.018,782,99,0.0
1298.0,0.016,783,100,0.0
1298.5,0.016,783,100,0.0
1299.0,0.015,783,101,0.0
1299.5,0.016,784,101,0.0
1300.0,0.016,784,101,0.0
1300.5,0.016,784,100,0.0
1301.0,0.015,784,100,0.0
1301.5,0.016,785,100,0.0
1302.0,0.015,785,100,0.0
1302.5,0.016,785,100,1.8
1303.0,0.016,786,99,3.0
1303.5,0.018,786,100,3.6
1304.0,0.016,786,100,3.6
1304.5,0.018,787,100,3.6
1305.0,0.015,787,100,3.6
1305.5,0.015,787,99,3.0
1306.0,0.018,788,99,3.0
1306.5,0.016,788,99,3.0
1307.0,0.015,788,98,3.6
1307.5,0.018,788,98,3.6
1308.0,0.015,789,99,4.2
1308.5,0.013,789,99,3.6
1309.0,0.016,789,99,4.2
1309.5,0.016,790,99,4.2
1310.0,0.016,790,100,4.2
1310.5,0.016,790,100,4.2
1311.0,0.016,790,100,3.6
1311.5,0.015,791,99,3.6
1312.0,0.016,791,99,3.6
1312.5,0.015,791,99,3.6
1313.0,0.016,792,99,4.2
1313.5,0.015,792,100,4.2
1314.0,0.018,792,99,3.6
1314.5,0.015,793,100,3.6
1315.0,0.016,793,99,3.6
1315.5,0.015,793,100,3.6
1316.0,0.015,793,100,3.0
1316.5,0.015,794,100,3.0
1317.0,0.018,794,100,3.0
1317.5,0.015,794,100,3.0
1318.0,0.016,795,100,3.0
1318.5,0.013,795,100,3.6
1319.0,0.015,795,100,3.0
1319.5,0.013,796,100,2.4000000000000004
1320.0,0.018,796,100,2.4000000000000004
1320.5,0.015,796,101,1.8
1321.0,0.016,797,101,1.8
1321.5,0.013,797,100,1.8
1322.0,0.015,797,100,1.8
1322.5,0.016,797,99,1.8
1323.0,0.015,798,99,1.8
1323.5,0.015,798,98,1.8
1324.0,0.015,798,98,1.8
1324.5,0.013,799,98,1.8
1325.0,0.015,799,98,0.0
1325.5,0.016,799,98,0.0
1326.0,0.018,799,98,0.0
1326.5,0.015,800,98,0.0
1327.0,0.016,800,99,0.0
1327.5,0.015,800,98,0.0
1328.0,0.016,801,98,0.0
1328.5,0.013,801,98,0.0
1329.0,0.018,801,98,0.0
1329.5,0.016,802,99,0.0
1330.0,0.013,802,99,0.0
1330.5,0.015,802,99,0.0
1331.0,0.015,802,101,0.0
1331.5,0.013,803,101,0.0
1332.0,0.016,803,101,0.0
1332.5,0.015,803,101,0.0
1333.0,0.013,804,101,0.0
1333.5,0.013,804,100,0.0
1334.0,0.015,804,100,0.0
1334.5,0.015,805,100,0.0
1335.0,0.015,805,100,0.6000000000000001
1335.5,0.013,805,99,3.0
1336.0,0.013,805,99,3.6
1336.5,0.015,806,100,3.6
1337.0,0.013,806,100,3.6
1337.5,0.015,806,100,3.6
1338.0,0.013,807,99,3.0
1338.5,0.015,807,99,3.0
1339.0,0.013,807,99,3.0
1339.5,0.013,808,99,3.0
1340.0,0.013,808,98,3.6
1340.5,0.013,808,99,3.6
1341.0,0.015,808,99,3.6
1341.5,0.015,809,99,4.2
1342.0,0.015,809,99,4.2
1342.5,0.015,809,100,4.2
1343.0,0.013,810,100,4.2
1343.5,0.015,810,100,3.6
1344.0,0.015,810,100,3.6
1344.5,0.011,811,100,3.6
1345.0,0.015,811,100,3.6
1345.5,0.015,811,100,4.2
1346.0,0.013,812,100,4.2
1346.5,0.015,812,100,3.6
1347.0,0.013,812,100,3.6
1347.5,0.013,812,100,3.6
1348.0,0.013,813,100,3.6
1348.5,0.013,813,100,3.0
1349.0,0.013,813,100,3.0
1349.5,0.013,814,100,3.0
1350.0,0.015,814,100,3.0
1350.5,0.013,814,101,3.0
1351.0,0.013,814,101,3.0
1351.5,0.016,815,100,3.0
1352.0,0.013,815,100,2.4000000000000004
1352.5,0.013,815,100,2.4000000000000004
1353.0,0.013,816,101,1.8
1353.5,0.013,816,101,1.8
1354.0,0.015,816,101,1.8
1354.5,0.015,817,100,1.8
1355.0,0.013,817,100,1.8
1355.5,0.015,817,99,1.8
1356.0,0.013,817,99,1.8
1356.5,0.013,818,98,1.8
1357.0,0.015,818,98,1.2000000000000002
1357.5,0.015,818,98,0.0
1358.0,0.013,819,98,0.0
1358.5,0.013,819,98,0.0
1359.0,0.015,819,98,0.0
1359.5,0.013,820,99,0.0
1360.0,0.013,820,99,0.0
1360.5,0.016,820,98,0.0
1361.0,0.013,820,99,0.0
1361.5,0.015,821,98,0.0
1362.0,0.013,821,98,0.0
1362.5,0.013,821,99,0.0
1363.0,0.015,822,100,0.0
1363.5,0.013,822,100,0.0
1364.0,0.013,823,101,0.0
1364.5,0.013,823,101,0.0
1365.0,0.013,823,101,0.0
1365.5,0.01,823,101,0.0
1366.0,0.018,824,100,0.0
1366.5,0.013,824,100,0.0
1367.0,0.015,824,100,0.0
1367.5,0.015,825,99,2.4000000000000004
1368.0,0.015,825,99,3.6
1368.5,0.013,825,100,3.6
1369.0,0.015,826,100,4.2
1369.5,0.013,826,100,3.6
1370.0,0.015,826,100,3.6
1370.5,0.015,827,99,3.0
1371.0,0.015,827,99,3.0
1371.5,0.015,827,99,3.0
1372.0,0.015,827,99,3.6
1372.5,0.015,828,99,3.6
1373.0,0.016,828,99,3.6
1373.5,0.015,828,100,4.2
1374.0,0.013,829,100,4.2
1374.5,0.013,829,100,4.2
1375.0,0.015,829,100,4.2
1375.5,0.015,830,100,3.6
1376.0,0.015,830,100,3.6
1376.5,0.015,830,100,3.6
1377.0,0.013,830,100,3.0
1377.5,0.013,831,100,3.6
1378.0,0.015,831,100,4.2
1378.5,0.013,831,100,3.6
1379.0,0.016,832,100,3.6
1379.5,0.016,832,100,3.6
1380.0,0.011,832,100,3.6
1380.5,0.013,832,100,3.0
1381.0,0.015,833,100,3.0
1381.5,0.013,833,100,3.0
1382.0,0.013,833,100,3.0
1382.5,0.015,834,100,3.0
1383.0,0.013,834,100,3.0
1383.5,0.013,834,100,3.6
1384.0,0.013,835,100,3.0
1384.5,0.015,835,100,2.4000000000000004
1385.0,0.013,835,100,1.8
1385.5,0.018,836,101,1.8
1386.0,0.013,836,100,1.8
1386.5,0.013,836,100,1.8
1387.0,0.013,836,100,1.8
1387.5,0.015,837,99,1.2000000000000002
1388.0,0.015,837,99,1.2000000000000002
1388.5,0.016,837,98,1.8
1389.0,0.013,838,98,1.8
1389.5,0.013,838,98,0.0
1390.0,0.013,838,98,0.0
1390.5,0.016,838,98,0.0
1391.0,0.015,839,99,0.0
1391.5,0.015,839,99,0.0
1392.0,0.015,839,99,0.0
1392.5,0.015,840,98,0.0
1393.0,0.013,840,98,0.0
1393.5,0.016,840,98,0.0
1394.0,0.015,841,99,0.0
1394.5,0.016,841,99,0.0
1395.0,0.011,841,99,0.0
1395.5,0.013,842,100,0.0
1396.0,0.013,842,100,0.0
1396.5,0.016,842,101,0.0
1397.0,0.013,842,101,0.0
1397.5,0.016,843,101,0.0
1398.0,0.013,843,100,0.0
1398.5,0.015,843,101,0.0
1399.0,0.011,844,100,0.0
1399.5,0.016,844,100,0.0
1400.0,0.015,844,100,1.8
1400.5,0.015,845,99,3.0
1401.0,0.013,845,100,3.6
1401.5,0.016,845,100,3.6
1402.0,0.015,845,100,3.6
1402.5,0.015,846,100,3.6
1403.0,0.011,846,100,3.0
1403.5,0.015,846,99,3.0
1404.0,0.015,847,99,3.0
1404.5,0.013,847,99,3.0
1405.0,0.013,847,99,3.6
1405.5,0.015,847,99,3.6
1406.0,0.013,848,100,3.6
1406.5,0.016,848,100,4.2
1407.0,0.015,848,100,4.2
1407.5,0.013,849,100,4.2
1408.0,0.013,849,100,3.6
1408.5,0.013,849,100,3.6
1409.0,0.013,850,100,3.0
1409.5,0.018,850,100,3.0
1410.0,0.015,850,100,3.6
1410.5,0.015,851,100,3.6
1411.0,0.013,851,100,3.6
1411.5,0.013,851,100,3.6
1412.0,0.015,851,100,3.6
1412.5,0.016,852,100,3.6
1413.0,0.015,852,100,3.0
1413.5,0.013,852,100,3.0
1414.0,0.013,853,100,3.0
1414.5,0.016,853,100,3.0
1415.0,0.015,853,100,3.0
1415.5,0.016,854,100,3.0
1416.0,0.015,854,100,3.6
1416.5,0.015,854,100,3.0
1417.0,0.013,854,100,2.4000000000000004
1417.5,0.015,855,100,1.8
1418.0,0.015,855,101,1.8
1418.5,0.013,855,101,1.8
1419.0,0.016,856,100,1.8
1419.5,0.013,856,99,1.8
1420.0,0.013,856,99,1.8
1420.5,0.011,857,99,1.8
1421.0,0.015,857,98,1.8
1421.5,0.015,857,98,1.8
1422.0,0.015,857,98,1.2000000000000002
1422.5,0.015,858,98,0.0
1423.0,0.015,858,98,0.0
1423.5,0.015,858,98,0.0
1424.0,0.015,859,99,0.0
1424.5,0.013,859,99,0.0
1425.0,0.013,859,99,0.0
1425.5,0.015,860,98,0.0
1426.0,0.013,860,99,0.0
1426.5,0.015,860,99,0.0
1427.0,0.015,860,100,0.0
1427.5,0.015,861,100,0.0
1428.0,0.015,861,99,0.0
1428.5,0.015,861,101,0.0
1429.0,0.016,862,101,0.0
1429.5,0.013,862,101,0.0
1430.0,0.015,862,101,0.0
1430.5,0.013,863,101,0.0
1431.0,0.015,863,101,0.0
1431.5,0.015,863,101,0.0
1432.0,0.013,863,100,0.0
1432.5,0.015,864,100,1.8
1433.0,0.016,864,100,3.0
1433.5,0.013,864,100,3.6
1434.0,0.015,865,101,3.6
1434.5,0.013,865,101,3.6
1435.0,0.015,865,100,3.0
1435.5,0.015,866,100,3.0
1436.0,0.015,866,99,3.0
1436.5,0.015,866,99,3.0
1437.0,0.016,866,99,3.0
1437.5,0.013,867,99,3.0
1438.0,0.016,867,99,3.6
1438.5,0.015,867,100,3.6
1439.0,0.016,868,100,4.2
1439.5,0.013,868,100,4.2
1440.0,0.016,868,100,4.2
1440.5,0.015,869,100,4.2
1441.0,0.016,869,100,3.6
1441.5,0.015,869,100,3.6
1442.0,0.016,869,100,3.6
1442.5,0.015,870,100,3.6
1443.0,0.016,870,100,3.6
1443.5,0.015,870,100,3.6
1444.0,0.016,871,99,3.6
1444.5,0.015,871,100,3.6
1445.0,0.016,871,100,3.6
1445.5,0.015,872,100,3.6
1446.0,0.016,872,100,3.0
1446.5,0.015,872,101,3.0
1447.0,0.016,872,100,3.0
1447.5,0.015,873,101,3.0
1448.0,0.015,873,100,3.0
1448.5,0.016,873,100,3.0
1449.0,0.015,874,100,3.0
1449.5,0.015,874,100,2.4000000000000004
1450.0,0.018,874,100,1.8
1450.5,0.015,875,101,1.8
1451.0,0.016,875,101,1.8
1451.5,0.016,875,100,1.8
1452.0,0.015,876,100,1.8
1452.5,0.013,876,99,1.8
1453.0,0.016,876,99,1.8
1453.5,0.015,876,98,1.8
1454.0,0.013,877,98,1.8
1454.5,0.015,877,98,1.2000000000000002
1455.0,0.016,877,98,0.0
1455.5,0.015,878,98,0.0
1456.0,0.016,878,98,0.0
1456.5,0.013,878,98,0.0
1457.0,0.015,878,98,0.0
1457.5,0.016,879,98,0.0
1458.0,0.018,879,98,0.0
1458.5,0.015,879,98,0.0
1459.0,0.016,880,98,0.0
1459.5,0.016,880,99,0.0
1460.0,0.015,880,100,0.0
1460.5,0.016,881,99,0.0
1461.0,0.016,881,100,0.0
1461.5,0.015,881,101,0.0
1462.0,0.015,881,100,0.0
1462.5,0.019,882,101,0.0
1463.0,0.015,882,101,0.0
1463.5,0.016,882,100,0.0
1464.0,0.016,883,100,0.0
1464.5,0.015,883,100,0.0
1465.0,0.016,883,99,1.2000000000000002
1465.5,0.016,884,99,2.4000000000000004
1466.0,0.011,884,99,3.6
1466.5,0.016,884,100,3.6
1467.0,0.015,885,100,3.6
1467.5,0.016,885,100,3.6
1468.0,0.016,885,99,3.6
1468.5,0.016,885,99,3.0
1469.0,0.015,886,99,3.0
1469.5,0.018,886,99,3.0
1470.0,0.015,886,99,3.0
1470.5,0.018,887,99,3.6
1471.0,0.016,887,99,3.6
1471.5,0.016,887,100,4.2
1472.0,0.015,887,100,4.2
1472.5,0.018,888,100,4.2
1473.0,0.015,888,100,4.2
1473.5,0.016,888,100,3.6
1474.0,0.016,889,100,3.6
1474.5,0.018,889,100,3.6
1475.0,0.015,889,100,3.6
1475.5,0.019,890,99,3.6
1476.0,0.016,890,100,3.6
1476.5,0.016,890,100,3.6
1477.0,0.015,890,99,3.6
1477.5,0.016,891,99,3.6
1478.0,0.013,891,100,3.6
1478.5,0.018,891,100,3.0
1479.0,0.015,892,100,3.0
1479.5,0.015,892,101,3.0
1480.0,0.016,892,101,3.0
1480.5,0.016,893,100,3.0
1481.0,0.015,893,100,3.0
1481.5,0.018,893,100,3.0
1482.0,0.016,894,101,1.8
1482.5,0.016,895,101,1.2000000000000002
1483.0,0.018,895,100,1.8
1483.5,0.016,895,100,1.2000000000000002
1484.0,0.013,896,99,1.2000000000000002
1484.5,0.015,896,99,1.2000000000000002
1485.0,0.018,896,98,1.2000000000000002
1485.5,0.015,896,98,1.2000000000000002
1486.0,0.016,897,98,0.0
1486.5,0.019,897,98,0.0
1487.0,0.015,897,98,0.0
1487.5,0.016,898,99,0.0
1488.0,0.018,898,99,0.0
1488.5,0.016,898,99,0.0
1489.0,0.016,899,98,0.0
1489.5,0.016,899,99,0.0
1490.0,0.013,899,98,0.0
1490.5,0.016,900,99,0.0
1491.0,0.016,900,99,0.0
1491.5,0.016,900,99,0.0
1492.0,0.016,900,100,0.0
1492.5,0.016,901,100,0.0
1493.0,0.015,901,101,0.0
1493.5,0.016,901,101,0.0
1494.0,0.016,902,101,0.0
1494.5,0.016,902,100,0.0
1495.0,0.015,902,100,0.0
1495.5,0.018,903,100,0.0
1496.0,0.016,903,100,0.6000000000000001
1496.5,0.016,903,99,2.4000000000000004
1497.0,0.016,903,99,3.6
1497.5,0.015,904,100,4.2
1498.0,0.016,904,100,3.6
1498.5,0.016,904,100,3.6
1499.0,0.015,905,100,3.0
1499.5,0.018,905,99,3.0
1500.0,0.016,905,99,3.0
1500.5,0.015,905,99,3.0
1501.0,0.016,906,98,3.6
1501.5,0.016,906,99,3.6
1502.0,0.016,906,99,3.6
1502.5,0.018,907,99,4.2
1503.0,0.016,907,99,4.2
1503.5,0.016,907,100,4.800000000000001
1504.0,0.015,908,100,4.2
1504.5,0.019,908,100,3.6
1505.0,0.016,908,100,3.6
1505.5,0.018,909,99,3.6
1506.0,0.018,909,99,3.6
1506.5,0.015,909,100,3.6
1507.0,0.015,909,100,4.2
1507.5,0.019,910,99,3.6
1508.0,0.016,910,99,3.6
1508.5,0.016,910,99,3.6
1509.0,0.016,911,100,3.6
1509.5,0.018,911,100,3.6
1510.0,0.016,911,100,3.0
1510.5,0.019,911,100,3.0
1511.0,0.015,912,100,3.0
1511.5,0.018,912,100,3.0
1512.0,0.016,912,100,3.0
1512.5,0.016,913,100,3.6
1513.0,0.015,913,99,2.4000000000000004
1513.5,0.018,913,100,2.4000000000000004
1514.0,0.016,914,100,1.8
1514.5,0.018,914,100,1.8
1515.0,0.018,914,100,1.8
1515.5,0.016,915,100,1.8
1516.0,0.015,915,99,1.8
1516.5,0.018,915,99,1.8
1517.0,0.016,915,98,1.8
1517.5,0.018,916,98,1.8
1518.0,0.018,916,98,1.8
1518.5,0.016,916,98,0.6000000000000001
1519.0,0.015,917,98,0.0
1519.5,0.018,917,98,0.0
1520.0,0.016,917,98,0.0
1520.5,0.016,917,98,0.0
1521.0,0.018,918,98,0.0
1521.5,0.016,918,98,0.0
1522.0,0.016,918,98,0.0
1522.5,0.018,919,98,0.0
1523.0,0.016,919,99,0.0
1523.5,0.015,919,99,0.0
1524.0,0.016,919,99,0.0
1524.5,0.015,920,100,0.0
1525.0,0.015,920,101,0.0
1525.5,0.018,920,101,0.6000000000000001
1526.0,0.016,921,101,0.0
1526.5,0.016,921,101,0.0
1527.0,0.016,921,100,0.0
1527.5,0.016,922,100,0.0
1528.0,0.013,922,100,0.0
1528.5,0.016,922,100,0.0
1529.0,0.016,923,100,1.8
1529.5,0.015,923,99,3.0
1530.0,0.016,923,100,3.6
1530.5,0.016,924,100,3.6
1531.0,0.016,924,100,3.6
1531.5,0.015,924,100,3.6
1532.0,0.016,924,100,3.6
1532.5,0.015,925,99,3.0
1533.0,0.018,925,99,3.0
1533.5,0.016,925,99,3.6
1534.0,0.016,926,99,3.6
1534.5,0.016,926,99,3.6
1535.0,0.019,926,100,4.2
1535.5,0.015,926,100,4.2
1536.0,0.018,927,100,4.2
1536.5,0.016,927,100,4.2
1537.0,0.015,927,100,3.6
1537.5,0.015,928,100,3.6
1538.0,0.018,928,100,3.0
1538.5,0.015,928,100,3.0
1539.0,0.018,929,100,3.6
1539.5,0.015,929,100,4.2
1540.0,0.016,929,100,3.6
1540.5,0.015,929,100,3.6
1541.0,0.018,930,100,3.6
1541.5,0.016,930,100,3.6
1542.0,0.018,930,100,3.6
1542.5,0.015,931,100,3.0
1543.0,0.015,931,100,3.0
1543.5,0.016,931,100,3.0
1544.0,0.016,932,101,3.0
1544.5,0.015,932,101,3.0
1545.0,0.019,932,100,3.6
1545.5,0.016,933,100,3.0
1546.0,0.015,933,100,2.4000000000000004
1546.5,0.016,933,101,2.4000000000000004
1547.0,0.018,933,101,1.8
1547.5,0.016,934,101,2.4000000000000004
1548.0,0.018,934,100,1.8
1548.5,0.015,934,100,1.8
1549.0,0.015,935,99,1.8
1549.5,0.015,935,99,1.2000000000000002
1550.0,0.016,935,99,1.8
1550.5,0.016,936,98,1.8
1551.0,0.019,936,98,0.6000000000000001
1551.5,0.015,936,98,0.0
1552.0,0.015,936,98,0.0
1552.5,0.016,937,98,0.0
1553.0,0.018,937,99,0.0
1553.5,0.016,937,99,0.0
1554.0,0.019,938,98,0.0
1554.5,0.018,938,99,0.0
1555.0,0.015,938,98,0.0
1555.5,0.016,939,98,0.0
1556.0,0.016,939,99,0.0
1556.5,0.018,939,100,0.0
1557.0,0.019,939,99,0.0
1557.5,0.016,940,100,0.0
1558.0,0.016,940,101,0.0
1558.5,0.016,940,101,0.0
1559.0,0.018,941,101,0.0
1559.5,0.016,941,101,0.0
1560.0,0.018,941,100,0.0
1560.5,0.018,942,100,0.0
1561.0,0.015,942,100,0.0
1561.5,0.018,942,100,1.2000000000000002
1562.0,0.016,942,99,3.0
1562.5,0.015,943,100,3.6
1563.0,0.016,943,100,3.6
1563.5,0.018,943,100,3.6
1564.0,0.016,944,100,3.6
1564.5,0.018,944,100,3.0
1565.0,0.018,944,99,3.0
1565.5,0.016,945,99,3.0
1566.0,0.016,945,99,3.0
1566.5,0.016,945,99,3.6
1567.0,0.016,945,99,3.6
1567.5,0.016,946,100,3.6
1568.0,0.016,946,99,4.2
1568.5,0.016,946,100,4.2
1569.0,0.016,947,100,4.2
1569.5,0.018,947,100,4.2
1570.0,0.018,947,100,3.6
1570.5,0.018,948,100,3.6
1571.0,0.016,948,100,3.6
1571.5,0.016,948,100,3.6
1572.0,0.016,948,100,3.6
1572.5,0.016,949,100,3.6
1573.0,0.016,949,99,3.6
1573.5,0.019,949,100,3.6
1574.0,0.018,950,100,3.6
1574.5,0.016,950,100,3.0
1575.0,0.015,950,100,3.0
1575.5,0.016,951,100,3.0
1576.0,0.016,951,100,3.0
1576.5,0.019,951,100,2.4000000000000004
1577.0,0.016,951,100,3.0
1577.5,0.016,952,100,3.0
1578.0,0.016,952,100,3.0
1578.5,0.018,952,100,2.4000000000000004
1579.0,0.019,953,100,2.4000000000000004
1579.5,0.019,953,101,2.4000000000000004
1580.0,0.016,953,101,1.8
1580.5,0.018,954,100,1.8
1581.0,0.015,954,100,1.8
1581.5,0.018,954,99,1.8
1582.0,0.018,954,99,1.8
1582.5,0.019,955,98,1.8
1583.0,0.018,955,98,1.8
1583.5,0.019,955,98,1.2000000000000002
1584.0,0.016,956,98,0.0
1584.5,0.018,956,98,0.0
1585.0,0.018,956,98,0.0
1585.5,0.019,957,98,0.0
1586.0,0.018,957,99,0.0
1586.5,0.018,957,98,0.0
1587.0,0.018,957,97,0.0
1587.5,0.019,958,98,0.0
1588.0,0.018,958,99,0.0
1588.5,0.019,958,98,0.0
1589.0,0.018,959,99,0.0
1589.5,0.018,959,99,0.0
1590.0,0.015,959,100,0.0
1590.5,0.018,959,101,0.0
1591.0,0.016,960,101,0.0
1591.5,0.018,960,101,0.0
1592.0,0.018,960,101,0.0
1592.5,0.019,961,100,0.0
1593.0,0.018,961,100,0.0
1593.5,0.016,961,100,0.0
1594.0,0.016,962,100,0.6000000000000001
1594.5,0.018,962,99,2.4000000000000004
1595.0,0.019,963,100,3.6
1595.5,0.018,963,100,3.6
1596.0,0.016,963,100,3.6
1596.5,0.016,963,100,3.0
1597.0,0.018,964,99,3.0
1597.5,0.016,964,99,3.0
1598.0,0.018,964,99,3.0
1598.5,0.019,965,98,3.0
1599.0,0.018,965,99,3.6
1599.5,0.018,965,99,3.6
1600.0,0.018,966,99,3.6
1600.5,0.019,966,99,4.2
1601.0,0.016,966,100,4.2
1601.5,0.018,966,100,4.2
1602.0,0.016,967,100,3.6
1602.5,0.016,967,100,3.6
1603.0,0.019,967,100,3.6
1603.5,0.016,968,99,3.6
1604.0,0.018,968,99,3.6
1604.5,0.019,968,99,4.2
1605.0,0.016,968,99,3.6
1605.5,0.016,969,99,3.6
1606.0,0.018,969,99,3.6
1606.5,0.018,969,100,3.6
1607.0,0.016,970,100,3.0
1607.5,0.018,970,100,3.0
1608.0,0.018,970,100,3.0
1608.5,0.018,971,100,3.0
1609.0,0.016,971,100,3.0
1609.5,0.018,971,100,3.0
1610.0,0.016,972,100,3.0
1610.5,0.019,972,100,2.4000000000000004
1611.0,0.018,972,100,2.4000000000000004
1611.5,0.016,972,100,1.8
1612.0,0.016,973,101,1.8
1612.5,0.018,973,100,1.8
1613.0,0.016,973,100,1.8
1613.5,0.019,974,99,1.2000000000000002
1614.0,0.015,974,99,1.8
1614.5,0.018,974,98,1.8
1615.0,0.016,975,98,1.8
1615.5,0.019,975,98,1.8
1616.0,0.016,975,98,0.0
1616.5,0.019,975,98,0.0
1617.0,0.016,976,98,0.0
1617.5,0.018,976,98,0.0
1618.0,0.016,976,99,0.0
1618.5,0.018,977,99,0.0
1619.0,0.016,977,98,0.0
1619.5,0.018,977,98,0.0
1620.0,0.016,978,98,0.0
1620.5,0.018,978,99,0.0
1621.0,0.016,978,99,0.0
1621.5,0.021,978,100,0.0
1622.0,0.018,979,100,0.0
1622.5,0.018,979,100,0.0
1623.0,0.016,979,101,0.0
1623.5,0.016,980,101,0.0
1624.0,0.018,980,101,0.0
1624.5,0.018,980,101,0.0
1625.0,0.016,981,100,0.0
1625.5,0.016,981,100,0.0
1626.0,0.016,981,100,0.0
1626.5,0.018,981,100,1.8
1627.0,0.016,982,99,3.0
1627.5,0.018,982,100,3.6
1628.0,0.016,982,100,3.6
1628.5,0.016,983,100,3.6
1629.0,0.018,983,100,3.6
1629.5,0.019,983,99,3.0
1630.0,0.016,984,99,3.0
1630.5,0.016,984,99,3.0
1631.0,0.016,984,99,3.0
1631.5,0.015,984,99,3.6
1632.0,0.018,985,99,3.6
1632.5,0.016,985,99,4.2
1633.0,0.016,985,100,4.2
1633.5,0.016,986,100,4.2
1634.0,0.015,986,100,4.2
1634.5,0.019,986,100,3.6
1635.0,0.016,987,100,3.6
1635.5,0.016,987,100,3.6
1636.0,0.016,987,99,3.6
1636.5,0.016,987,100,3.6
1637.0,0.015,988,99,4.2
1637.5,0.016,988,100,3.6
1638.0,0.016,988,100,3.6
1638.5,0.016,989,100,3.6
1639.0,0.016,989,100,4.2
1639.5,0.016,989,100,3.0
1640.0,0.013,990,100,3.0
1640.5,0.015,990,100,3.0
1641.0,0.016,990,100,3.0
1641.5,0.015,990,100,3.0
1642.0,0.016,991,100,3.0
1642.5,0.016,991,100,3.6
1643.0,0.016,991,100,2.4000000000000004
1643.5,0.013,992,100,2.4000000000000004
1644.0,0.016,992,100,1.8
1644.5,0.016,992,100,1.8
1645.0,0.016,992,100,1.8
1645.5,0.016,993,100,1.8
1646.0,0.015,993,99,1.8
1646.5,0.015,993,99,1.8
1647.0,0.018,994,99,1.8
1647.5,0.018,994,98,1.8
1648.0,0.015,994,98,1.8
1648.5,0.016,995,98,1.2000000000000002
1649.0,0.015,995,98,0.0
1649.5,0.016,995,98,0.0
1650.0,0.018,996,98,0.0
1650.5,0.016,996,98,0.0
1651.0,0.015,996,99,0.0
1651.5,0.016,996,98,0.0
1652.0,0.015,997,98,0.0
1652.5,0.015,997,98,0.0
1653.0,0.019,997,98,0.0
1653.5,0.015,998,99,0.0
1654.0,0.015,998,99,0.0
1654.5,0.016,998,99,0.0
1655.0,0.016,998,100,0.0
1655.5,0.016,999,101,0.0
1656.0,0.018,999,101,0.0
1656.5,0.015,999,101,0.0
1657.0,0.016,1000,100,0.0
1657.5,0.016,1000,100,0.0
1658.0,0.015,1000,100,0.0
1658.5,0.015,1001,100,0.0
1659.0,0.016,1001,99,1.2000000000000002
1659.5,0.015,1001,99,3.0
1660.0,0.016,1002,99,3.6
1660.5,0.018,1002,100,4.2
1661.0,0.015,1002,100,3.6
1661.5,0.011,1002,100,3.6
1662.0,0.016,1003,100,3.6
1662.5,0.015,1003,99,3.0
1663.0,0.016,1003,99,3.0
1663.5,0.016,1004,99,3.0
1664.0,0.015,1004,99,3.6
1664.5,0.013,1004,99,3.6
1665.0,0.016,1005,100,3.6
1665.5,0.015,1005,100,4.2
1666.0,0.018,1005,100,4.2
1666.5,0.016,1005,100,4.2
1667.0,0.013,1006,100,4.2
1667.5,0.015,1006,100,3.6
1668.0,0.015,1006,100,3.6
1668.5,0.015,1007,100,3.6
1669.0,0.016,1007,100,3.6
1669.5,0.016,1007,100,4.2
1670.0,0.015,1007,100,3.6
1670.5,0.015,1008,99,3.6
1671.0,0.015,1008,100,4.2
1671.5,0.015,1008,100,3.6
1672.0,0.015,1009,100,3.6
1672.5,0.016,1009,101,3.0
1673.0,0.015,1009,100,3.0
1673.5,0.016,1010,100,3.0
1674.0,0.015,1010,100,3.0
1674.5,0.016,1010,101,3.0
1675.0,0.013,1011,100,3.0
1675.5,0.018,1011,100,3.0
1676.0,0.013,1011,100,2.4000000000000004
1676.5,0.013,1011,100,2.4000000000000004
1677.0,0.015,1012,101,1.8
1677.5,0.015,1012,101,1.8
1678.0,0.013,1012,100,1.8
1678.5,0.015,1013,100,1.8
1679.0,0.011,1013,99,1.2000000000000002
1679.5,0.011,1013,99,1.2000000000000002
1680.0,0.013,1014,98,1.8
1680.5,0.015,1014,98,1.8
1681.0,0.013,1014,98,1.2000000000000002
1681.5,0.013,1014,98,0.0
1682.0,0.015,1015,98,0.0
1682.5,0.013,1015,98,0.0
1683.0,0.013,1015,99,0.0
1683.5,0.013,1016,99,0.0
1684.0,0.013,1016,99,0.0
1684.5,0.015,1016,98,0.0
1685.0,0.013,1017,98,0.0
1685.5,0.015,1017,98,0.0
1686.0,0.013,1017,98,0.0
1686.5,0.018,1017,100,0.0
1687.0,0.013,1018,99,0.0
1687.5,0.016,1018,100,0.0
1688.0,0.015,1018,101,0.0
1688.5,0.015,1019,101,0.0
1689.0,0.013,1019,101,0.0
1689.5,0.015,1019,101,0.0
1690.0,0.013,1020,100,0.0
1690.5,0.015,1020,100,0.0
1691.0,0.013,1020,100,0.0
1691.5,0.015,1020,100,0.6000000000000001
1692.0,0.015,1021,99,2.4000000000000004
1692.5,0.015,1021,100,3.6
1693.0,0.013,1021,100,3.6
1693.5,0.015,1022,100,3.6
1694.0,0.015,1022,100,3.6
1694.5,0.016,1022,100,3.0
1695.0,0.013,1023,99,3.0
1695.5,0.015,1023,99,3.0
1696.0,0.015,1023,99,3.0
1696.5,0.015,1023,99,3.0
1697.0,0.015,1024,99,3.6
1697.5,0.016,1024,100,3.6
1698.0,0.013,1024,100,4.2
1698.5,0.015,1025,100,4.800000000000001
1699.0,0.015,1025,100,4.2
1699.5,0.016,1025,100,4.2
1700.0,0.013,1026,100,3.6
1700.5,0.015,1026,100,3.6
1701.0,0.013,1026,100,3.6
1701.5,0.013,1026,100,3.0
1702.0,0.013,1027,100,3.6
1702.5,0.015,1027,100,3.6
1703.0,0.015,1027,100,3.6
1703.5,0.013,1028,100,3.6
1704.0,0.015,1028,99,3.6
1704.5,0.013,1028,100,3.6
1705.0,0.013,1029,101,3.0
1705.5,0.015,1029,100,3.0
1706.0,0.015,1029,100,3.0
1706.5,0.013,1030,100,3.0
1707.0,0.015,1030,100,3.0
1707.5,0.013,1030,100,3.0
1708.0,0.015,1030,100,3.0
1708.5,0.015,1031,100,2.4000000000000004
1709.0,0.013,1031,100,2.4000000000000004
1709.5,0.013,1031,101,1.8
1710.0,0.013,1033,98,1.2000000000000002
1710.5,0.015,1033,98,1.8
1711.0,0.013,1034,98,1.2000000000000002
1711.5,0.015,1034,98,0.0
1712.0,0.013,1034,98,0.0
1712.5,0.015,1035,98,0.0
1713.0,0.013,1035,98,0.0
1713.5,0.016,1035,99,0.0
1714.0,0.013,1036,98,0.0
1714.5,0.013,1036,98,0.0
1715.0,0.013,1036,98,0.0
1715.5,0.016,1036,99,0.0
1716.0,0.013,1037,98,0.0
1716.5,0.015,1037,99,0.0
1717.0,0.015,1037,100,0.0
1717.5,0.013,1038,100,0.0
1718.0,0.015,1038,100,0.0
1718.5,0.015,1038,101,0.0
1719.0,0.015,1038,101,0.0
1719.5,0.015,1039,101,0.0
1720.0,0.016,1039,101,0.0
1720.5,0.015,1039,100,0.0
1721.0,0.013,1040,100,0.0
1721.5,0.015,1040,100,0.6000000000000001
1722.0,0.015,1040,99,2.4000000000000004
1722.5,0.016,1041,100,3.6
1723.0,0.015,1041,100,3.6
1723.5,0.015,1041,100,3.6
1724.0,0.013,1041,100,3.6
1724.5,0.015,1042,100,3.6
1725.0,0.013,1042,99,3.0
1725.5,0.015,1042,99,3.0
1726.0,0.013,1043,99,3.0
1726.5,0.015,1043,99,3.0
1727.0,0.015,1043,99,3.6
1727.5,0.015,1044,100,3.6
1728.0,0.013,1044,100,4.2
1728.5,0.016,1044,100,4.2
1729.0,0.015,1045,100,4.2
1729.5,0.016,1045,100,4.2
1730.0,0.015,1045,100,3.6
1730.5,0.015,1045,100,3.6
1731.0,0.015,1046,100,3.0
1731.5,0.015,1046,100,3.6
1732.0,0.015,1046,100,3.6
1732.5,0.015,1047,100,4.2
1733.0,0.013,1047,100,3.6
1733.5,0.015,1047,100,3.6
1734.0,0.013,1047,100,3.6
1734.5,0.015,1048,100,3.6
1735.0,0.015,1048,100,3.0
1735.5,0.016,1048,100,3.0
1736.0,0.013,1049,100,3.0
1736.5,0.015,1049,100,3.0
1737.0,0.015,1049,100,3.0
1737.5,0.016,1050,100,3.0
1738.0,0.016,1050,100,3.6
1738.5,0.016,1050,100,2.4000000000000004
1739.0,0.015,1051,100,2.4000000000000004
1739.5,0.016,1051,100,1.8
1740.0,0.016,1051,101,1.8
1740.5,0.016,1051,100,1.8
1741.0,0.015,1052,100,1.8
1741.5,0.015,1052,99,1.8
1742.0,0.015,1052,99,1.2000000000000002
1742.5,0.013,1053,99,1.8
1743.0,0.015,1053,98,1.8
1743.5,0.016,1053,98,1.8
1744.0,0.015,1054,98,0.6000000000000001
1744.5,0.015,1054,98,0.0
1745.0,0.016,1054,98,0.0
1745.5,0.015,1054,98,0.0
1746.0,0.015,1055,99,0.0
1746.5,0.016,1055,99,0.0
1747.0,0.016,1055,99,0.0
1747.5,0.015,1056,98,0.0
1748.0,0.015,1056,98,0.0
1748.5,0.016,1056,99,0.0
1749.0,0.015,1056,99,0.0
1749.5,0.016,1057,99,0.0
1750.0,0.016,1057,100,0.0
1750.5,0.015,1057,101,0.0
1751.0,0.015,1058,101,0.0
1751.5,0.015,1058,101,0.0
1752.0,0.011,1058,101,0.0
1752.5,0.016,1059,101,0.0
1753.0,0.016,1059,100,0.0
1753.5,0.013,1059,100,0.0
1754.0,0.016,1060,100,0.0
1754.5,0.015,1060,99,1.8
1755.0,0.013,1060,99,3.0
1755.5,0.013,1060,100,3.6
1756.0,0.015,1061,101,3.6
1756.5,0.013,1061,100,3.6
1757.0,0.016,1061,100,3.0
1757.5,0.015,1062,100,3.0
1758.0,0.015,1062,99,3.0
1758.5,0.013,1062,99,3.0
1759.0,0.016,1063,99,3.0
1759.5,0.015,1063,99,3.6
1760.0,0.016,1063,99,4.2
1760.5,0.015,1063,100,3.6
1761.0,0.015,1064,100,4.2
1761.5,0.016,1064,100,4.2
1762.0,0.016,1064,100,4.2
1762.5,0.013,1065,100,3.6
1763.0,0.016,1065,100,3.6
1763.5,0.013,1065,100,3.6
1764.0,0.016,1065,100,3.6
1764.5,0.015,1066,99,3.6
1765.0,0.015,1066,100,4.2
1765.5,0.013,1066,100,3.6
1766.0,0.018,1067,99,3.6
1766.5,0.013,1067,99,3.6
1767.0,0.015,1067,100,3.6
1767.5,0.015,1068,100,3.6
1768.0,0.013,1068,100,3.0
1768.5,0.013,1068,101,3.0
1769.0,0.018,1069,100,2.4000000000000004
1769.5,0.013,1069,100,3.0
1770.0,0.015,1069,100,3.0
1770.5,0.016,1069,100,3.6
1771.0,0.016,1070,100,3.0
1771.5,0.013,1070,100,2.4000000000000004
1772.0,0.019,1070,100,1.8
1772.5,0.015,1071,101,1.8
1773.0,0.016,1071,100,1.8
1773.5,0.013,1071,100,1.8
1774.0,0.015,1072,99,1.8
1774.5,0.015,1072,99,1.2000000000000002
1775.0,0.018,1072,99,1.2000000000000002
1775.5,0.015,1072,98,1.8
1776.0,0.013,1073,98,1.2000000000000002
1776.5,0.015,1073,98,0.6000000000000001
1777.0,0.015,1073,98,0.0
1777.5,0.013,1074,98,0.0
1778.0,0.018,1074,98,0.0
1778.5,0.016,1074,99,0.0
1779.0,0.015,1075,99,0.0
1779.5,0.015,1075,98,0.0
1780.0,0.015,1075,99,0.0
1780.5,0.015,1075,98,0.0
1781.0,0.015,1076,98,0.0
1781.5,0.016,1076,99,0.0
1782.0,0.015,1076,99,0.0
1782.5,0.015,1077,99,0.0
1783.0,0.015,1077,101,0.0
1783.5,0.015,1077,101,0.0
1784.0,0.016,1078,101,0.0
1784.5,0.015,1078,101,0.0
1785.0,0.013,1078,100,0.0
1785.5,0.015,1078,100,0.0
1786.0,0.015,1079,100,0.0
1786.5,0.013,1079,100,0.0
1787.0,0.013,1079,100,1.8
1787.5,0.015,1080,99,3.0
1788.0,0.015,1080,99,3.6
1788.5,0.016,1080,100,3.6
1789.0,0.015,1080,100,3.6
1789.5,0.011,1081,100,3.6
1790.0,0.015,1081,99,3.0
1790.5,0.015,1081,99,3.0
1791.0,0.013,1082,99,3.0
1791.5,0.016,1082,98,3.0
1792.0,0.015,1082,98,3.6
1792.5,0.015,1083,99,3.6
1793.0,0.015,1083,99,3.6
1793.5,0.015,1083,99,4.2
1794.0,0.013,1084,99,4.800000000000001
1794.5,0.016,1084,100,4.2
1795.0,0.015,1084,100,4.2
1795.5,0.015,1084,100,3.6
1796.0,0.013,1085,99,3.6
1796.5,0.015,1085,99,3.6
1797.0,0.013,1085,100,3.6
1797.5,0.016,1086,99,4.2
1798.0,0.015,1086,99,3.6
1798.5,0.015,1086,99,3.6
1799.0,0.013,1087,100,3.6
1799.5,0.013,1087,100,3.6
1800.0,0.015,1087,100,3.6
1800.5,0.018,1087,100,3.0
1801.0,0.015,1088,100,3.0
1801.5,0.015,1088,100,3.0
1802.0,0.015,1088,100,3.0
1802.5,0.016,1089,100,3.0
1803.0,0.015,1089,100,3.0
1803.5,0.018,1089,100,3.0
1804.0,0.015,1090,100,2.4000000000000004
1804.5,0.013,1090,100,2.4000000000000004
1805.0,0.015,1090,101,1.8
1805.5,0.015,1090,101,1.8
1806.0,0.015,1091,100,1.8
1806.5,0.016,1091,100,1.8
1807.0,0.015,1091,99,1.8
1807.5,0.013,1092,99,1.8
1808.0,0.015,1092,98,1.8
1808.5,0.015,1092,98,1.8
1809.0,0.013,1093,98,1.2000000000000002
1809.5,0.016,1093,98,0.0
1810.0,0.015,1093,98,0.0
1810.5,0.013,1093,98,0.0
1811.0,0.015,1094,98,0.0
1811.5,0.016,1094,98,0.0
1812.0,0.015,1094,98,0.0
1812.5,0.016,1095,98,0.0
1813.0,0.015,1095,98,0.0
1813.5,0.015,1095,98,0.0
1814.0,0.016,1095,98,0.0
1814.5,0.016,1096,99,0.0
1815.0,0.015,1096,99,0.0
1815.5,0.016,1096,100,0.0
1816.0,0.016,1097,100,0.0
1816.5,0.013,1097,101,0.0
1817.0,0.013,1097,101,0.0
1817.5,0.015,1098,101,0.0
1818.0,0.016,1098,100,0.0
1818.5,0.016,1098,100,0.0
1819.0,0.015,1099,100,0.0
1819.5,0.013,1099,100,0.6000000000000001
1820.0,0.013,1099,99,2.4000000000000004
1820.5,0.013,1099,99,3.6
1821.0,0.015,1100,100,3.6
1821.5,0.015,1100,100,3.6
1822.0,0.016,1100,100,3.6
1822.5,0.015,1101,100,3.0
1823.0,0.015,1101,99,3.0
1823.5,0.015,1101,99,3.0
1824.0,0.015,1102,99,3.0
1824.5,0.015,1102,99,3.0
1825.0,0.018,1102,99,3.6
1825.5,0.013,1102,100,3.6
1826.0,0.013,1103,100,3.6
1826.5,0.015,1103,100,4.2
1827.0,0.016,1103,100,4.2
1827.5,0.015,1104,100,3.6
1828.0,0.015,1104,100,3.6
1828.5,0.015,1104,100,3.0
1829.0,0.016,1104,100,3.0
1829.5,0.013,1105,100,3.0
1830.0,0.015,1105,100,3.6
1830.5,0.013,1105,100,3.6
1831.0,0.016,1106,100,3.6
1831.5,0.015,1106,100,3.6
1832.0,0.015,1106,100,3.6
1832.5,0.015,1107,100,3.6
1833.0,0.013,1107,100,3.0
1833.5,0.015,1107,100,3.0
1834.0,0.016,1108,100,3.0
1834.5,0.015,1108,100,3.0
1835.0,0.015,1108,100,3.0
1835.5,0.015,1108,100,3.0
1836.0,0.015,1109,100,3.6
1836.5,0.013,1109,100,2.4000000000000004
1837.0,0.016,1109,100,2.4000000000000004
1837.5,0.015,1110,100,1.8
1838.0,0.015,1110,101,1.8
1838.5,0.013,1110,101,1.8
1839.0,0.015,1111,100,1.8
1839.5,0.011,1111,100,1.2000000000000002
1840.0,0.018,1111,99,1.8
1840.5,0.015,1111,99,1.8
1841.0,0.015,1112,98,1.8
1841.5,0.013,1112,98,1.8
1842.0,0.015,1112,98,0.0
1842.5,0.013,1113,98,0.0
1843.0,0.016,1113,98,0.0
1843.5,0.013,1113,99,0.0
1844.0,0.015,1114,99,0.0
1844.5,0.015,1114,99,0.0
1845.0,0.013,1114,98,0.0
1845.5,0.013,1114,98,0.0
1846.0,0.016,1115,98,0.0
1846.5,0.015,1115,99,0.0
1847.0,0.013,1115,99,0.0
1847.5,0.015,1116,99,0.0
1848.0,0.015,1116,100,0.0
1848.5,0.015,1116,101,0.0
1849.0,0.016,1117,101,0.0
1849.5,0.015,1117,101,0.0
1850.0,0.015,1117,101,0.0
1850.5,0.015,1117,100,0.0
1851.0,0.013,1118,100,0.0
1851.5,0.015,1118,100,0.0
1852.0,0.015,1118,100,0.0
1852.5,0.015,1119,100,2.4000000000000004
1853.0,0.016,1119,99,3.6
1853.5,0.015,1119,100,3.6
1854.0,0.013,1120,101,3.6
1854.5,0.013,1120,100,3.6
1855.0,0.015,1120,100,3.6
1855.5,0.015,1120,99,3.0
1856.0,0.013,1121,99,3.0
1856.5,0.015,1121,99,3.0
1857.0,0.015,1121,99,3.0
1857.5,0.015,1122,99,3.6
1858.0,0.015,1122,99,3.6
1858.5,0.015,1122,100,3.6
1859.0,0.015,1123,100,4.2
1859.5,0.015,1123,100,4.2
1860.0,0.015,1123,100,4.2
1860.5,0.015,1124,100,3.6
1861.0,0.013,1124,100,3.6
1861.5,0.015,1124,100,3.0
1862.0,0.013,1124,100,3.0
1862.5,0.016,1125,100,3.6
1863.0,0.015,1125,100,4.2
1863.5,0.013,1125,100,3.6
1864.0,0.013,1126,100,3.6
1864.5,0.013,1126,100,3.6
1865.0,0.013,1126,100,3.6
1865.5,0.015,1126,100,3.0
1866.0,0.016,1127,100,3.0
1866.5,0.015,1127,100,3.0
1867.0,0.013,1127,100,3.0
1867.5,0.015,1128,101,3.0
1868.0,0.015,1128,101,3.0
1868.5,0.016,1128,100,3.6
1869.0,0.015,1129,100,2.4000000000000004
1869.5,0.015,1129,100,2.4000000000000004
1870.0,0.015,1129,100,1.8
1870.5,0.015,1129,101,1.8
1871.0,0.016,1130,101,1.8
1871.5,0.015,1130,100,1.8
1872.0,0.015,1130,100,1.8
1872.5,0.015,1131,99,1.8
1873.0,0.013,1131,99,1.2000000000000002
1873.5,0.013,1131,98,1.8
1874.0,0.013,1132,98,1.8
1874.5,0.016,1132,98,0.6000000000000001
1875.0,0.015,1132,98,0.0
1875.5,0.016,1132,98,0.0
1876.0,0.015,1133,98,0.0
1876.5,0.015,1133,99,0.0
1877.0,0.015,1133,99,0.0
1877.5,0.013,1134,98,0.0
1878.0,0.013,1134,99,0.0
1878.5,0.015,1134,98,0.0
1879.0,0.016,1135,98,0.0
1879.5,0.015,1135,99,0.0
1880.0,0.015,1135,99,0.0
1880.5,0.015,1135,99,0.0
1881.0,0.015,1136,101,0.0
1881.5,0.016,1136,101,0.0
1882.0,0.013,1136,101,0.0
1882.5,0.016,1137,101,0.0
1883.0,0.015,1137,100,0.0
1883.5,0.016,1137,100,0.0
1884.0,0.013,1138,100,0.0
1884.5,0.016,1138,100,0.0
1885.0,0.013,1138,99,1.8
1885.5,0.015,1138,99,3.6
1886.0,0.015,1139,100,4.2
1886.5,0.015,1139,100,4.2
1887.0,0.015,1139,100,3.6
1887.5,0.016,1140,100,3.6
1888.0,0.015,1140,100,3.0
1888.5,0.016,1140,99,3.0
1889.0,0.015,1141,99,3.0
1889.5,0.016,1141,99,3.0
1890.0,0.013,1141,99,3.6
1890.5,0.016,1141,99,3.6
1891.0,0.016,1142,100,3.6
1891.5,0.015,1142,100,4.2
1892.0,0.013,1142,100,4.2
1892.5,0.016,1143,100,4.2
1893.0,0.015,1143,100,4.2
1893.5,0.016,1143,100,3.6
1894.0,0.015,1143,100,3.6
1894.5,0.015,1144,100,3.0
1895.0,0.015,1144,100,3.6
1895.5,0.015,1144,100,3.6
1896.0,0.015,1145,100,3.6
1896.5,0.015,1145,100,3.6
1897.0,0.018,1145,100,3.6
1897.5,0.011,1146,100,3.6
1898.0,0.016,1146,100,3.0
1898.5,0.015,1146,100,3.0
1899.0,0.015,1147,100,3.0
1899.5,0.016,1147,100,3.0
1900.0,0.016,1147,100,3.0
1900.5,0.013,1148,100,3.6
1901.0,0.016,1148,100,3.6
1901.5,0.016,1148,100,3.0
1902.0,0.015,1148,100,2.4000000000000004
1902.5,0.015,1149,100,2.4000000000000004
1903.0,0.016,1149,100,1.8
1903.5,0.011,1149,100,1.8
1904.0,0.016,1150,100,1.8
1904.5,0.013,1150,100,1.8
1905.0,0.016,1150,99,1.8
1905.5,0.015,1150,99,1.8
1906.0,0.016,1151,98,1.8
1906.5,0.013,1151,98,1.8
1907.0,0.016,1151,98,1.2000000000000002
1907.5,0.015,1152,98,0.0
1908.0,0.015,1152,98,0.0
1908.5,0.016,1152,98,0.0
1909.0,0.018,1153,98,0.0
1909.5,0.016,1153,98,0.0
1910.0,0.016,1153,98,0.0
1910.5,0.015,1153,98,0.0
1911.0,0.015,1154,98,0.0
1911.5,0.015,1154,98,0.0
1912.0,0.018,1154,98,0.0
1912.5,0.015,1155,100,0.0
1913.0,0.015,1155,99,0.0
1913.5,0.018,1155,100,0.0
1914.0,0.015,1156,101,0.0
1914.5,0.013,1156,101,0.0
1915.0,0.018,1156,101,0.0
1915.5,0.013,1156,101,0.0
1916.0,0.016,1157,100,0.6000000000000001
1916.5,0.015,1157,100,0.0
1917.0,0.016,1157,100,0.0
1917.5,0.013,1158,99,1.2000000000000002
1918.0,0.016,1158,99,2.4000000000000004
1918.5,0.013,1158,100,3.6
1919.0,0.018,1159,100,3.6
1919.5,0.015,1159,100,3.6
1920.0,0.015,1159,100,3.6
1920.5,0.015,1159,99,3.0
1921.0,0.016,1160,99,3.0
1921.5,0.018,1160,99,3.0
1922.0,0.015,1160,99,3.0
1922.5,0.016,1161,98,3.6
1923.0,0.015,1161,99,3.6
1923.5,0.013,1161,99,3.6
1924.0,0.015,1162,99,4.2
1924.5,0.015,1162,99,4.2
1925.0,0.016,1162,100,4.2
1925.5,0.016,1162,100,4.2
1926.0,0.013,1163,100,3.6
1926.5,0.015,1163,99,3.6
1927.0,0.016,1163,99,3.0
1927.5,0.015,1164,99,3.6
1928.0,0.018,1164,99,3.6
1928.5,0.016,1164,99,4.2
1929.0,0.013,1165,99,3.6
1929.5,0.015,1165,99,3.6
1930.0,0.016,1165,99,3.6
1930.5,0.015,1165,100,3.6
1931.0,0.016,1166,100,3.0
1931.5,0.016,1166,100,3.0
1932.0,0.015,1166,100,3.0
1932.5,0.015,1167,100,3.0
1933.0,0.015,1167,100,3.0
1933.5,0.016,1167,100,3.0
1934.0,0.013,1168,100,3.0
1934.5,0.016,1168,99,2.4000000000000004
1935.0,0.015,1168,100,2.4000000000000004
1935.5,0.015,1168,100,1.8
1936.0,0.013,1169,101,1.8
1936.5,0.015,1169,100,1.8
1937.0,0.013,1169,100,1.2000000000000002
1937.5,0.015,1170,99,1.2000000000000002
1938.0,0.013,1170,99,1.2000000000000002
1938.5,0.013,1170,98,1.2000000000000002
1939.0,0.013,1171,98,1.8
1939.5,0.016,1171,98,1.2000000000000002
1940.0,0.013,1171,98,0.0
1940.5,0.016,1171,98,0.0
1941.0,0.015,1172,98,0.0
1941.5,0.011,1172,98,0.0
1942.0,0.016,1173,99,0.0
1942.5,0.015,1173,98,0.0
1943.0,0.015,1173,98,0.0
1943.5,0.013,1173,98,0.0
1944.0,0.013,1174,99,0.0
1944.5,0.013,1174,99,0.0
1945.0,0.015,1174,99,0.0
1945.5,0.013,1175,100,0.0
1946.0,0.016,1175,100,0.0
1946.5,0.013,1175,101,0.0
1947.0,0.015,1176,101,0.0
1947.5,0.013,1176,101,0.0
1948.0,0.016,1176,101,0.0
1948.5,0.013,1177,100,0.0
1949.0,0.016,1177,100,0.0
1949.5,0.013,1177,100,0.0
1950.0,0.013,1177,99,2.4000000000000004
1950.5,0.013,1178,99,3.0
1951.0,0.016,1178,100,3.6
1951.5,0.015,1178,100,3.6
1952.0,0.016,1179,100,3.6
1952.5,0.013,1179,100,3.6
1953.0,0.016,1179,99,3.0
1953.5,0.013,1180,99,3.0
1954.0,0.016,1180,99,3.0
1954.5,0.015,1180,99,3.6
1955.0,0.018,1180,99,3.6
1955.5,0.015,1181,99,3.6
1956.0,0.015,1181,100,3.6
1956.5,0.015,1181,100,4.2
1957.0,0.016,1182,100,4.2
1957.5,0.015,1182,100,4.2
1958.0,0.016,1182,100,3.6
1958.5,0.015,1183,100,3.6
1959.0,0.015,1183,100,3.6
1959.5,0.013,1183,99,3.6
1960.0,0.013,1183,100,3.6
1960.5,0.013,1184,100,4.2
1961.0,0.016,1184,100,3.6
1961.5,0.015,1184,100,3.6
1962.0,0.013,1185,100,3.6
1962.5,0.013,1185,100,3.6
1963.0,0.013,1185,100,3.6
1963.5,0.013,1186,101,3.0
1964.0,0.018,1186,101,3.0
1964.5,0.015,1186,100,3.0
1965.0,0.015,1187,101,3.0
1965.5,0.013,1187,100,3.0
1966.0,0.015,1187,100,3.6
1966.5,0.015,1187,100,3.0
1967.0,0.016,1188,100,2.4000000000000004
1967.5,0.015,1188,100,1.8
1968.0,0.013,1188,101,1.8
1968.5,0.013,1189,100,1.8
1969.0,0.013,1189,100,1.8
1969.5,0.013,1189,99,1.8
1970.0,0.016,1189,99,1.8
1970.5,0.013,1190,99,1.8
1971.0,0.013,1190,98,1.8
1971.5,0.015,1190,98,1.8
1972.0,0.013,1191,98,1.2000000000000002
1972.5,0.013,1191,98,0.0
1973.0,0.013,1191,98,0.0
1973.5,0.016,1192,98,0.0
1974.0,0.015,1192,98,0.0
1974.5,0.013,1192,98,0.0
1975.0,0.013,1192,98,0.0
1975.5,0.013,1193,98,0.0
1976.0,0.013,1193,98,0.0
1976.5,0.015,1193,99,0.0
1977.0,0.013,1194,99,0.0
1977.5,0.015,1194,99,0.0
1978.0,0.013,1194,99,0.0
1978.5,0.013,1195,101,0.0
1979.0,0.015,1195,101,0.0
1979.5,0.015,1195,101,0.0
1980.0,0.013,1195,101,0.0
1980.5,0.015,1196,100,0.0
1981.0,0.011,1196,100,0.0
1981.5,0.013,1196,100,0.0
1982.0,0.015,1197,100,0.0
1982.5,0.013,1197,99,1.8
1983.0,0.015,1197,99,3.0
1983.5,0.015,1197,99,3.6
1984.0,0.013,1198,100,3.6
1984.5,0.016,1198,100,3.6
1985.0,0.015,1198,100,3.6
1985.5,0.016,1199,100,3.0
1986.0,0.015,1199,99,3.0
1986.5,0.016,1199,99,3.0
1987.0,0.013,1200,99,3.0
1987.5,0.015,1200,99,3.6
1988.0,0.016,1200,99,3.6
1988.5,0.015,1201,100,3.6
1989.0,0.015,1201,100,4.2
1989.5,0.016,1201,100,4.2
1990.0,0.015,1201,100,4.2
1990.5,0.016,1202,100,3.6
1991.0,0.015,1202,100,3.6
1991.5,0.015,1202,100,3.6
1992.0,0.013,1203,100,3.6
1992.5,0.018,1203,100,3.6
1993.0,0.015,1203,99,4.2
1993.5,0.015,1204,100,3.6
1994.0,0.015,1204,99,3.6
1994.5,0.013,1204,99,3.6
1995.0,0.013,1204,100,3.6
1995.5,0.018,1205,100,3.6
1996.0,0.015,1205,100,3.0
1996.5,0.015,1205,100,3.0
1997.0,0.015,1206,100,3.0
1997.5,0.015,1206,100,3.0
1998.0,0.015,1206,100,3.0
1998.5,0.016,1207,100,3.6
1999.0,0.016,1207,100,3.0
1999.5,0.013,1207,100,2.4000000000000004
2000.0,0.015,1207,100,1.8
2000.5,0.016,1208,100,1.8
2001.0,0.015,1208,100,1.8
2001.5,0.016,1208,100,1.8
2002.0,0.015,1209,100,1.2000000000000002
2002.5,0.015,1209,99,1.8
2003.0,0.015,1209,99,1.8
2003.5,0.015,1210,98,1.8
2004.0,0.013,1210,98,1.8
2004.5,0.015,1210,98,1.2000000000000002
2005.0,0.015,1210,98,0.0
2005.5,0.013,1211,98,0.0
2006.0,0.016,1211,98,0.0
2006.5,0.016,1211,98,0.0
2007.0,0.015,1212,99,0.0
2007.5,0.015,1212,98,0.0
2008.0,0.016,1212,98,0.0
2008.5,0.013,1212,99,0.0
2009.0,0.015,1213,98,0.0
2009.5,0.013,1213,99,0.0
2010.0,0.016,1213,100,0.0
2010.5,0.015,1214,99,0.0
2011.0,0.016,1215,101,0.0
2011.5,0.015,1215,101,0.0
2012.0,0.015,1216,100,0.0
2012.5,0.018,1216,100,0.0
2013.0,0.015,1216,100,0.0
2013.5,0.016,1216,100,0.6000000000000001
2014.0,0.013,1217,99,2.4000000000000004
2014.5,0.013,1217,100,3.6
2015.0,0.015,1217,100,3.6
2015.5,0.016,1218,100,3.6
2016.0,0.015,1218,100,3.0
2016.5,0.016,1218,100,3.0
2017.0,0.015,1219,99,3.0
2017.5,0.016,1219,99,3.0
2018.0,0.015,1219,99,3.0
2018.5,0.016,1219,99,3.6
2019.0,0.015,1220,99,3.6
2019.5,0.018,1220,99,3.6
2020.0,0.015,1220,100,4.2
2020.5,0.016,1221,100,4.2
2021.0,0.013,1221,100,4.2
2021.5,0.016,1221,100,4.2
2022.0,0.013,1222,100,3.6
2022.5,0.018,1222,100,3.6
2023.0,0.013,1222,100,3.0
2023.5,0.015,1222,100,3.0
2024.0,0.015,1223,100,3.6
2024.5,0.016,1223,99,3.6
2025.0,0.015,1223,100,3.6
2025.5,0.016,1224,99,3.6
2026.0,0.013,1224,100,3.6
2026.5,0.015,1224,100,3.6
2027.0,0.015,1225,100,3.0
2027.5,0.016,1225,100,3.0
2028.0,0.015,1225,101,3.0
2028.5,0.016,1226,100,3.0
2029.0,0.015,1226,100,3.0
2029.5,0.015,1226,100,3.6
2030.0,0.015,1226,100,3.0
2030.5,0.016,1227,100,2.4000000000000004
2031.0,0.015,1227,100,1.8
2031.5,0.015,1227,100,1.8
2032.0,0.013,1228,101,1.8
2032.5,0.013,1228,100,1.8
2033.0,0.015,1228,100,1.2000000000000002
2033.5,0.018,1228,99,1.8
2034.0,0.015,1229,99,1.8
2034.5,0.015,1229,98,1.8
2035.0,0.015,1229,98,1.8
2035.5,0.013,1230,98,1.8
2036.0,0.015,1230,98,0.0
2036.5,0.015,1230,98,0.0
2037.0,0.015,1231,98,0.0
2037.5,0.015,1231,98,0.0
2038.0,0.016,1231,99,0.0
2038.5,0.013,1231,99,0.0
2039.0,0.015,1232,98,0.0
2039.5,0.015,1232,99,0.0
2040.0,0.015,1232,99,0.0
2040.5,0.015,1233,99,0.0
2041.0,0.018,1233,99,0.0
2041.5,0.013,1233,100,0.0
2042.0,0.013,1234,100,0.0
2042.5,0.016,1234,101,0.0
2043.0,0.013,1234,101,0.0
2043.5,0.015,1234,101,0.0
2044.0,0.016,1235,101,0.0
2044.5,0.013,1235,100,0.0
2045.0,0.015,1235,100,0.0
2045.5,0.015,1236,100,0.0
2046.0,0.015,1236,100,0.0
2046.5,0.015,1236,99,2.4000000000000004
2047.0,0.016,1237,100,3.6
2047.5,0.013,1237,100,3.6
2048.0,0.016,1237,101,3.6
2048.5,0.016,1237,100,3.6
2049.0,0.015,1238,100,3.6
2049.5,0.016,1238,100,3.0
2050.0,0.016,1238,99,3.0
2050.5,0.015,1239,99,3.0
2051.0,0.018,1239,99,3.0
2051.5,0.016,1239,99,3.6
2052.0,0.016,1240,100,3.6
2052.5,0.016,1240,100,3.6
2053.0,0.018,1240,100,4.2
2053.5,0.015,1241,100,4.2
2054.0,0.016,1241,100,4.2
2054.5,0.016,1241,100,3.6
2055.0,0.015,1241,100,3.6
2055.5,0.015,1242,100,3.0
2056.0,0.018,1242,100,3.6
2056.5,0.016,1242,100,3.6
2057.0,0.018,1243,100,4.2
2057.5,0.016,1243,100,3.6
2058.0,0.016,1243,100,3.6
2058.5,0.015,1244,100,3.6
2059.0,0.018,1244,100,3.6
2059.5,0.016,1244,100,3.0
2060.0,0.018,1244,100,3.0
2060.5,0.018,1245,100,3.0
2061.0,0.016,1245,100,2.4000000000000004
2061.5,0.015,1245,101,3.0
2062.0,0.018,1246,100,3.0
2062.5,0.016,1246,100,3.0
2063.0,0.018,1246,100,2.4000000000000004
2063.5,0.016,1246,100,2.4000000000000004
2064.0,0.016,1247,100,1.8
2064.5,0.016,1247,101,1.8
2065.0,0.019,1247,100,1.8
2065.5,0.016,1248,100,1.8
2066.0,0.018,1248,99,1.8
2066.5,0.016,1248,99,1.8
2067.0,0.015,1249,98,1.8
2067.5,0.015,1249,98,1.8
2068.0,0.019,1249,98,1.8
2068.5,0.018,1250,98,0.0
2069.0,0.018,1250,98,0.0
2069.5,0.018,1250,98,0.0
2070.0,0.015,1250,98,0.0
2070.5,0.015,1251,98,0.0
2071.0,0.019,1251,99,0.0
2071.5,0.015,1251,98,0.0
2072.0,0.016,1252,98,0.0
2072.5,0.018,1252,98,0.0
2073.0,0.018,1252,99,0.0
2073.5,0.016,1252,99,0.0
2074.0,0.019,1253,99,0.0
2074.5,0.018,1253,99,0.0
2075.0,0.016,1253,100,0.0
2075.5,0.018,1254,100,0.0
2076.0,0.016,1254,101,0.0
2076.5,0.016,1254,101,0.0
2077.0,0.019,1255,100,0.0
2077.5,0.016,1255,100,0.0
2078.0,0.016,1255,100,0.0
2078.5,0.018,1255,100,0.0
2079.0,0.015,1256,99,1.8
2079.5,0.016,1256,99,3.6
2080.0,0.018,1256,100,3.6
2080.5,0.019,1257,100,4.2
2081.0,0.015,1257,100,3.6
2081.5,0.019,1257,100,3.6
2082.0,0.016,1258,100,3.0
2082.5,0.016,1258,99,3.0
2083.0,0.016,1258,99,3.0
2083.5,0.018,1259,99,3.0
2084.0,0.016,1259,99,3.6
2084.5,0.019,1259,99,3.6
2085.0,0.016,1259,100,3.6
2085.5,0.018,1260,100,4.2
2086.0,0.019,1260,100,4.2
2086.5,0.019,1260,100,4.2
2087.0,0.016,1261,100,3.6
2087.5,0.019,1261,100,3.6
2088.0,0.016,1261,100,3.6
2088.5,0.018,1261,100,3.6
2089.0,0.016,1262,100,3.6
2089.5,0.019,1262,100,4.2
2090.0,0.018,1262,99,3.6
2090.5,0.019,1263,100,3.6
2091.0,0.016,1263,100,3.6
2091.5,0.016,1263,100,3.6
2092.0,0.018,1264,100,3.0
2092.5,0.018,1264,100,3.0
2093.0,0.016,1264,100,3.0
2093.5,0.021,1265,100,3.0
2094.0,0.018,1265,100,3.0
2094.5,0.018,1265,100,3.0
2095.0,0.016,1265,100,3.6
2095.5,0.019,1266,100,2.4000000000000004
2096.0,0.018,1266,100,2.4000000000000004
2096.5,0.021,1266,100,1.8
2097.0,0.016,1267,100,1.8
2097.5,0.016,1267,100,1.8
2098.0,0.016,1267,100,1.8
2098.5,0.018,1268,99,1.8
2099.0,0.019,1268,99,1.8
2099.5,0.021,1268,99,1.8
2100.0,0.016,1268,98,1.8
2100.5,0.016,1269,98,1.8
2101.0,0.016,1269,98,1.2000000000000002
2101.5,0.018,1269,98,0.0
2102.0,0.018,1270,98,0.0
2102.5,0.018,1270,99,0.0
2103.0,0.016,1270,99,0.0
2103.5,0.018,1271,98,0.0
2104.0,0.019,1271,98,0.0
2104.5,0.016,1271,99,0.0
2105.0,0.019,1272,98,0.0
2105.5,0.018,1272,99,0.0
2106.0,0.016,1272,99,0.0
2106.5,0.019,1273,99,0.0
2107.0,0.018,1273,100,0.0
2107.5,0.018,1273,101,0.0
2108.0,0.016,1273,101,0.0
2108.5,0.016,1274,101,0.0
2109.0,0.016,1274,100,0.0
2109.5,0.016,1274,100,0.0
2110.0,0.018,1275,100,0.0
2110.5,0.018,1275,100,0.0
2111.0,0.016,1275,100,1.8
2111.5,0.019,1276,99,3.0
2112.0,0.016,1276,100,3.6
2112.5,0.016,1276,100,4.2
2113.0,0.016,1276,100,3.6
2113.5,0.016,1277,100,3.6
2114.0,0.016,1277,100,3.0
2114.5,0.019,1277,99,3.0
2115.0,0.016,1278,99,3.0
2115.5,0.018,1278,99,3.0
2116.0,0.018,1278,99,3.6
2116.5,0.016,1279,99,3.6
2117.0,0.016,1279,100,3.6
2117.5,0.018,1279,100,4.2
2118.0,0.016,1279,100,4.800000000000001
2118.5,0.018,1280,100,4.2
2119.0,0.018,1280,100,4.2
2119.5,0.016,1280,100,3.6
2120.0,0.016,1281,100,3.6
2120.5,0.018,1281,100,3.6
2121.0,0.015,1281,100,3.6
2121.5,0.018,1282,100,3.6
2122.0,0.018,1282,100,3.6
2122.5,0.016,1282,100,3.6
2123.0,0.016,1283,100,3.6
2123.5,0.018,1283,100,3.6
2124.0,0.016,1283,100,3.6
2124.5,0.019,1283,100,3.6
2125.0,0.018,1284,100,3.0
2125.5,0.016,1284,100,2.4000000000000004
2126.0,0.016,1284,100,3.0
2126.5,0.018,1285,101,3.0
2127.0,0.018,1285,100,3.6
2127.5,0.019,1285,100,2.4000000000000004
2128.0,0.016,1285,100,2.4000000000000004
2128.5,0.018,1286,100,1.8
2129.0,0.016,1286,101,1.8
2129.5,0.018,1286,101,1.8
2130.0,0.016,1287,100,1.8
2130.5,0.018,1287,100,1.8
2131.0,0.016,1287,99,1.8
2131.5,0.018,1288,99,1.8
2132.0,0.016,1288,99,1.8
2132.5,0.019,1288,98,1.8
2133.0,0.015,1289,98,1.2000000000000002
2133.5,0.019,1289,98,0.0
2134.0,0.016,1289,98,0.0
2134.5,0.018,1289,98,0.0
2135.0,0.016,1290,98,0.0
2135.5,0.018,1290,99,0.0
2136.0,0.015,1290,99,0.0
2136.5,0.019,1291,98,0.0
2137.0,0.016,1291,99,0.0
2137.5,0.018,1291,98,0.0
2138.0,0.016,1292,98,0.0
2138.5,0.016,1292,99,0.0
2139.0,0.018,1292,100,0.0
2139.5,0.018,1292,100,0.0
2140.0,0.016,1293,101,0.0
2140.5,0.016,1293,101,0.0
2141.0,0.016,1293,101,0.0
2141.5,0.016,1294,101,0.0
2142.0,0.018,1294,100,0.0
2142.5,0.018,1294,100,0.0
2143.0,0.015,1294,100,0.0
2143.5,0.018,1295,100,0.0
2144.0,0.016,1295,99,3.0
2144.5,0.016,1295,100,3.6
2145.0,0.016,1296,100,3.6
2145.5,0.019,1296,100,3.6
2146.0,0.016,1296,100,3.6
2146.5,0.018,1297,100,3.6
2147.0,0.016,1297,99,3.6
2147.5,0.016,1297,99,3.0
2148.0,0.016,1298,99,3.0
2148.5,0.016,1298,99,3.0
2149.0,0.016,1298,99,3.6
2149.5,0.016,1298,99,3.6
2150.0,0.018,1299,99,4.2
2150.5,0.018,1299,99,4.2
2151.0,0.018,1299,100,4.2
2151.5,0.018,1300,100,4.2
2152.0,0.018,1300,100,3.6
2152.5,0.015,1300,100,3.6
2153.0,0.018,1300,99,3.6
2153.5,0.016,1301,100,3.6
2154.0,0.018,1301,99,3.6
2154.5,0.018,1301,100,4.2
2155.0,0.018,1302,100,3.6
2155.5,0.015,1302,100,3.6
2156.0,0.018,1302,100,3.6
2156.5,0.018,1303,100,3.6
2157.0,0.016,1303,100,3.6
2157.5,0.018,1303,100,3.0
2158.0,0.016,1304,100,3.0
2158.5,0.016,1304,100,3.0
2159.0,0.018,1304,100,3.0
2159.5,0.016,1304,100,3.0
2160.0,0.016,1305,100,3.0
2160.5,0.018,1305,100,2.4000000000000004
2161.0,0.018,1305,100,2.4000000000000004
2161.5,0.015,1306,100,1.8
2162.0,0.018,1306,101,1.8
2162.5,0.015,1306,100,1.8
2163.0,0.016,1307,100,1.8
2163.5,0.018,1307,99,1.2000000000000002
2164.0,0.016,1307,99,1.8
2164.5,0.015,1307,99,1.8
2165.0,0.019,1308,98,1.8
2165.5,0.015,1308,98,1.8
2166.0,0.018,1308,98,0.0
2166.5,0.016,1309,98,0.0
2167.0,0.019,1309,98,0.0
2167.5,0.018,1309,98,0.0
2168.0,0.018,1309,99,0.0
2168.5,0.016,1310,99,0.0
2169.0,0.016,1310,98,0.0
2169.5,0.016,1310,98,0.0
2170.0,0.019,1311,98,0.0
2170.5,0.016,1311,99,0.0
2171.0,0.016,1311,99,0.0
2171.5,0.018,1312,99,0.0
2172.0,0.018,1312,100,0.0
2172.5,0.018,1313,100,0.0
2173.0,0.016,1313,100,0.0
2173.5,0.016,1314,100,0.0
2174.0,0.016,1314,100,0.0
2174.5,0.018,1314,100,0.0
2175.0,0.018,1315,99,1.8
2175.5,0.018,1315,99,3.0
2176.0,0.016,1315,100,3.6
2176.5,0.016,1316,100,3.6
2177.0,0.018,1316,100,3.6
2177.5,0.018,1316,100,3.0
2178.0,0.016,1316,99,3.0
2178.5,0.016,1317,99,3.0
2179.0,0.018,1317,99,3.0
2179.5,0.018,1317,99,3.0
2180.0,0.016,1318,99,3.6
2180.5,0.018,1318,99,3.6
2181.0,0.016,1318,100,3.6
2181.5,0.018,1318,100,4.2
2182.0,0.018,1319,100,4.2
2182.5,0.016,1319,100,4.2
2183.0,0.016,1319,100,3.6
2183.5,0.016,1320,100,3.0
2184.0,0.016,1320,100,3.0
2184.5,0.016,1320,100,3.0
2185.0,0.018,1321,100,3.6
2185.5,0.016,1321,100,3.6
2186.0,0.016,1321,99,3.6
2186.5,0.016,1322,99,3.6
2187.0,0.016,1322,100,3.6
2187.5,0.016,1322,100,3.6
2188.0,0.018,1322,100,3.0
2188.5,0.018,1323,100,3.0
2189.0,0.016,1323,100,3.0
2189.5,0.016,1323,100,3.0
2190.0,0.016,1324,101,3.0
2190.5,0.016,1324,100,3.0
2191.0,0.019,1324,100,3.6
2191.5,0.016,1325,100,2.4000000000000004
2192.0,0.018,1325,100,2.4000000000000004
2192.5,0.018,1325,100,1.8
2193.0,0.016,1325,101,1.8
2193.5,0.016,1326,100,1.8
2194.0,0.016,1326,100,1.8
2194.5,0.016,1326,99,1.2000000000000002
2195.0,0.016,1327,99,1.2000000000000002
2195.5,0.016,1327,99,1.2000000000000002
2196.0,0.016,1327,98,1.8
2196.5,0.016,1328,98,1.8
2197.0,0.019,1328,98,0.0
2197.5,0.016,1328,98,0.0
2198.0,0.018,1328,98,0.0
2198.5,0.018,1329,98,0.0
2199.0,0.016,1329,99,0.0
2199.5,0.016,1329,99,0.0
2200.0,0.019,1330,98,0.0
2200.5,0.016,1330,99,0.0
2201.0,0.018,1330,98,0.0
2201.5,0.018,1331,98,0.0
2202.0,0.016,1331,100,0.0
2202.5,0.016,1331,99,0.0
2203.0,0.018,1331,99,0.0
2203.5,0.015,1332,101,0.0
2204.0,0.018,1332,101,0.0
2204.5,0.018,1332,101,0.0
2205.0,0.016,1333,101,0.0
2205.5,0.016,1333,100,0.0
2206.0,0.019,1333,100,0.0
2206.5,0.016,1333,100,0.0
2207.0,0.018,1334,100,0.0
2207.5,0.018,1334,100,2.4000000000000004
2208.0,0.016,1334,99,3.0
2208.5,0.015,1335,100,3.6
2209.0,0.019,1335,100,3.6
2209.5,0.016,1335,100,3.6
2210.0,0.016,1336,100,3.0
2210.5,0.018,1336,100,3.0
2211.0,0.016,1336,99,3.0
2211.5,0.016,1337,99,3.0
2212.0,0.018,1337,99,3.0
2212.5,0.016,1337,99,3.6
2213.0,0.018,1337,99,3.6
2213.5,0.018,1338,100,3.6
2214.0,0.019,1338,100,4.2
2214.5,0.015,1338,100,4.2
2215.0,0.018,1339,100,4.2
2215.5,0.016,1339,101,3.6
2216.0,0.019,1339,100,3.6
2216.5,0.018,1340,100,3.0
2217.0,0.016,1340,100,3.0
2217.5,0.015,1340,100,3.6
2218.0,0.016,1340,99,3.6
2218.5,0.016,1341,100,3.6
2219.0,0.019,1341,99,3.6
2219.5,0.016,1341,99,3.6
2220.0,0.016,1342,100,3.6
2220.5,0.015,1342,100,3.0
2221.0,0.016,1342,100,3.0
2221.5,0.016,1343,100,3.0
2222.0,0.018,1343,101,2.4000000000000004
2222.5,0.018,1343,100,3.0
2223.0,0.016,1343,100,3.0
2223.5,0.016,1344,100,3.0
2224.0,0.016,1344,100,3.0
2224.5,0.018,1344,100,2.4000000000000004
2225.0,0.018,1345,100,1.8
2225.5,0.018,1345,100,1.8
2226.0,0.016,1345,100,1.8
2226.5,0.016,1346,100,1.8
2227.0,0.018,1346,99,1.8
2227.5,0.018,1346,99,1.8
2228.0,0.015,1347,99,1.8
2228.5,0.019,1347,98,1.8
2229.0,0.015,1347,98,1.8
2229.5,0.016,1347,98,1.2000000000000002
2230.0,0.015,1348,98,0.0
2230.5,0.018,1348,98,0.0
2231.0,0.016,1348,98,0.0
2231.5,0.018,1349,98,0.0
2232.0,0.016,1349,98,0.0
2232.5,0.018,1349,98,0.0
2233.0,0.015,1349,98,0.0
2233.5,0.018,1350,99,0.0
2234.0,0.016,1350,98,0.0
2234.5,0.018,1350,98,0.0
2235.0,0.016,1351,100,0.0
2235.5,0.016,1351,99,0.0
2236.0,0.016,1351,100,0.0
2236.5,0.018,1352,101,0.0
2237.0,0.015,1352,101,0.0
2237.5,0.018,1352,101,0.0
2238.0,0.015,1352,101,0.0
2238.5,0.018,1353,100,0.0
2239.0,0.016,1353,100,0.0
2239.5,0.018,1353,100,0.0
2240.0,0.015,1354,100,1.8
2240.5,0.019,1354,99,3.0
2241.0,0.016,1354,100,3.6
2241.5,0.018,1355,100,3.6
2242.0,0.016,1355,100,3.6
2242.5,0.018,1355,100,3.6
2243.0,0.016,1355,100,3.0
2243.5,0.018,1356,99,3.0
2244.0,0.016,1356,99,3.0
2244.5,0.018,1356,99,3.0
2245.0,0.018,1357,99,3.6
2245.5,0.016,1357,99,3.6
2246.0,0.015,1357,99,3.6
2246.5,0.018,1357,99,4.2
2247.0,0.016,1358,100,4.2
2247.5,0.015,1358,100,4.2
2248.0,0.016,1358,100,4.2
2248.5,0.016,1359,100,3.6
2249.0,0.016,1359,99,3.6
2249.5,0.016,1359,100,3.6
2250.0,0.018,1360,100,3.6
2250.5,0.015,1360,100,3.6
2251.0,0.016,1360,99,4.2
2251.5,0.016,1361,99,3.6
2252.0,0.015,1361,100,4.2
2252.5,0.016,1361,100,3.6
2253.0,0.016,1361,100,3.6
2253.5,0.016,1362,100,3.6
2254.0,0.016,1362,100,3.0
2254.5,0.016,1362,100,3.0
2255.0,0.015,1363,101,3.0
2255.5,0.016,1363,100,3.0
2256.0,0.018,1363,100,3.6
2256.5,0.015,1364,100,3.0
2257.0,0.016,1364,100,2.4000000000000004
2257.5,0.016,1364,100,2.4000000000000004
2258.0,0.016,1364,101,1.8
2258.5,0.016,1365,101,1.8
2259.0,0.016,1365,100,1.8
2259.5,0.015,1365,100,1.8
2260.0,0.016,1366,99,1.8
2260.5,0.016,1366,99,1.8
2261.0,0.016,1366,99,1.8
2261.5,0.015,1367,98,1.8
2262.0,0.016,1367,98,1.8
2262.5,0.015,1367,98,0.0
2263.0,0.016,1367,98,0.0
2263.5,0.016,1368,98,0.0
2264.0,0.015,1368,98,0.0
2264.5,0.015,1368,99,0.0
2265.0,0.016,1369,99,0.0
2265.5,0.013,1369,98,0.0
2266.0,0.015,1369,98,0.0
2266.5,0.016,1370,99,0.0
2267.0,0.016,1370,99,0.0
2267.5,0.015,1370,99,0.0
2268.0,0.016,1370,99,0.0
2268.5,0.016,1371,100,0.0
2269.0,0.016,1371,100,0.0
2269.5,0.015,1371,101,0.0
2270.0,0.016,1372,101,0.0
2270.5,0.015,1372,101,0.0
2271.0,0.015,1372,100,0.0
2271.5,0.015,1373,100,0.0
2272.0,0.015,1373,100,0.0
2272.5,0.015,1373,100,1.2000000000000002
2273.0,0.013,1373,99,2.4000000000000004
2273.5,0.015,1374,99,3.6
2274.0,0.015,1374,100,3.6
2274.5,0.015,1374,101,3.6
2275.0,0.015,1375,100,3.6
2275.5,0.015,1375,100,3.0
2276.0,0.015,1375,100,3.0
2276.5,0.015,1376,99,3.0
2277.0,0.015,1376,99,3.0
2277.5,0.015,1376,99,3.0
2278.0,0.015,1376,99,3.6
2278.5,0.016,1377,99,3.6
2279.0,0.015,1377,100,4.2
2279.5,0.015,1377,100,4.2
2280.0,0.015,1378,100,4.2
2280.5,0.015,1378,100,4.2
2281.0,0.016,1378,100,3.6
2281.5,0.015,1379,100,3.0
2282.0,0.013,1379,100,3.0
2282.5,0.015,1379,100,3.0
2283.0,0.015,1379,100,3.6
2283.5,0.015,1380,100,4.2
2284.0,0.016,1380,100,3.6
2284.5,0.015,1380,100,3.6
2285.0,0.015,1381,100,3.6
2285.5,0.015,1381,100,3.0
2286.0,0.013,1381,100,3.0
2286.5,0.013,1382,100,3.0
2287.0,0.015,1382,100,3.0
2287.5,0.015,1382,101,3.0
2288.0,0.015,1382,101,3.0
2288.5,0.015,1383,100,3.0
2289.0,0.016,1384,100,1.8
2289.5,0.015,1384,101,1.8
2290.0,0.013,1384,101,1.8
2290.5,0.013,1385,101,1.8
2291.0,0.015,1385,100,1.2000000000000002
2291.5,0.015,1385,100,1.8
2292.0,0.016,1386,99,1.8
2292.5,0.016,1386,99,1.8
2293.0,0.011,1386,98,1.8
2293.5,0.015,1386,98,1.8
2294.0,0.015,1387,98,0.0
2294.5,0.015,1387,98,0.0
2295.0,0.015,1387,98,0.0
2295.5,0.015,1388,98,0.0
2296.0,0.013,1388,99,0.0
2296.5,0.015,1388,99,0.0
2297.0,0.013,1388,98,0.0
2297.5,0.013,1389,99,0.0
2298.0,0.015,1389,98,0.0
2298.5,0.016,1389,99,0.0
2299.0,0.013,1390,99,0.0
2299.5,0.015,1390,99,0.0
2300.0,0.015,1390,100,0.0
2300.5,0.013,1391,101,0.0
2301.0,0.015,1391,101,0.0
2301.5,0.016,1391,101,0.0
2302.0,0.013,1391,101,0.0
2302.5,0.015,1392,101,0.0
2303.0,0.015,1392,100,0.0
2303.5,0.013,1392,100,0.0
2304.0,0.013,1393,100,0.6000000000000001
2304.5,0.016,1393,99,2.4000000000000004
2305.0,0.015,1393,99,3.0
2305.5,0.015,1394,100,3.6
2306.0,0.015,1394,100,3.6
2306.5,0.015,1394,100,3.6
2307.0,0.015,1395,100,3.0
2307.5,0.015,1395,99,3.0
2308.0,0.015,1395,99,3.0
2308.5,0.018,1395,99,3.0
2309.0,0.013,1396,99,3.0
2309.5,0.015,1396,99,3.6
2310.0,0.013,1396,99,3.6
2310.5,0.015,1397,99,4.2
2311.0,0.013,1397,99,4.2
2311.5,0.016,1397,100,4.2
2312.0,0.015,1397,100,3.6
2312.5,0.015,1398,100,3.6
2313.0,0.016,1398,100,3.6
2313.5,0.013,1398,100,3.0
2314.0,0.013,1399,99,3.0
2314.5,0.016,1399,99,3.6
2315.0,0.015,1399,99,3.6
2315.5,0.013,1400,99,3.6
2316.0,0.015,1400,99,3.6
2316.5,0.015,1400,100,3.6
2317.0,0.013,1401,100,3.6
2317.5,0.019,1401,100,3.6
2318.0,0.015,1401,100,3.0
2318.5,0.015,1401,100,3.0
2319.0,0.015,1402,100,3.0
2319.5,0.015,1402,100,3.0
2320.0,0.013,1402,101,3.0
2320.5,0.018,1403,100,3.6
2321.0,0.016,1403,100,3.0
2321.5,0.013,1403,100,2.4000000000000004
2322.0,0.015,1404,100,2.4000000000000004
2322.5,0.015,1404,100,1.8
2323.0,0.013,1404,101,1.8
2323.5,0.018,1404,100,1.8
2324.0,0.015,1405,99,1.8
2324.5,0.013,1405,99,1.8
2325.0,0.013,1405,99,1.8
2325.5,0.016,1406,98,1.8
2326.0,0.015,1406,98,1.8
2326.5,0.015,1406,98,0.6000000000000001
2327.0,0.015,1406,98,0.0
2327.5,0.013,1407,98,0.0
2328.0,0.013,1407,98,0.0
2328.5,0.015,1407,98,0.0
2329.0,0.013,1408,99,0.0
2329.5,0.015,1408,98,0.0
2330.0,0.016,1408,98,0.0
2330.5,0.015,1409,98,0.0
2331.0,0.015,1409,98,0.0
2331.5,0.015,1409,98,0.0
2332.0,0.013,1409,99,0.0
2332.5,0.015,1410,99,0.0
2333.0,0.015,1410,100,0.0
2333.5,0.013,1410,101,0.0
2334.0,0.016,1411,101,0.0
2334.5,0.015,1411,100,0.6000000000000001
2335.0,0.015,1411,100,0.0
2335.5,0.015,1412,100,0.0
2336.0,0.015,1412,100,0.0
2336.5,0.011,1412,100,0.0
2337.0,0.015,1412,99,1.2000000000000002
2337.5,0.015,1413,99,3.0
2338.0,0.015,1413,99,3.6
2338.5,0.016,1413,100,3.6
2339.0,0.016,1414,100,3.6
2339.5,0.013,1414,100,3.6
2340.0,0.015,1414,99,3.0
2340.5,0.015,1415,99,3.0
2341.0,0.015,1415,99,3.0
2341.5,0.013,1415,99,3.6
2342.0,0.016,1416,98,3.6
2342.5,0.016,1416,99,4.2
2343.0,0.016,1416,99,3.6
2343.5,0.015,1416,99,4.2
2344.0,0.015,1417,99,4.2
2344.5,0.013,1417,100,4.2
2345.0,0.015,1417,100,4.2
2345.5,0.015,1418,100,3.6
2346.0,0.015,1418,99,3.6
2346.5,0.015,1418,99,3.6
2347.0,0.015,1418,99,3.6
2347.5,0.013,1419,99,4.2
2348.0,0.016,1419,100,4.2
2348.5,0.015,1419,100,3.6
2349.0,0.016,1420,99,3.6
2349.5,0.015,1420,100,3.6
2350.0,0.015,1420,100,3.6
2350.5,0.013,1421,100,3.6
2351.0,0.016,1421,100,3.0
2351.5,0.016,1421,100,3.0
2352.0,0.018,1421,100,3.0
2352.5,0.015,1422,100,3.0
2353.0,0.015,1422,100,3.6
2353.5,0.013,1422,100,3.0
2354.0,0.015,1423,100,2.4000000000000004
2354.5,0.015,1423,100,2.4000000000000004
2355.0,0.018,1423,101,1.8
2355.5,0.015,1424,101,1.8
2356.0,0.016,1424,100,1.8
2356.5,0.013,1424,100,1.8
2357.0,0.016,1425,99,1.2000000000000002
2357.5,0.016,1425,99,1.8
2358.0,0.016,1425,98,1.2000000000000002
2358.5,0.016,1425,98,1.8
2359.0,0.013,1426,98,1.8
2359.5,0.013,1426,98,0.0
2360.0,0.016,1426,98,0.0
2360.5,0.018,1427,98,0.0
2361.0,0.015,1427,98,0.0
2361.5,0.015,1427,99,0.0
2362.0,0.015,1427,98,0.0
2362.5,0.015,1428,98,0.0
2363.0,0.015,1428,98,0.0
2363.5,0.016,1428,98,0.0
2364.0,0.015,1429,99,0.0
2364.5,0.016,1429,99,0.0
2365.0,0.013,1429,100,0.0
2365.5,0.015,1430,100,0.0
2366.0,0.015,1430,101,0.6000000000000001
2366.5,0.016,1430,101,0.0
2367.0,0.015,1430,101,0.0
2367.5,0.015,1431,101,0.0
2368.0,0.015,1431,100,0.0
2368.5,0.013,1431,100,0.0
2369.0,0.015,1432,100,0.0
2369.5,0.016,1432,100,0.6000000000000001
2370.0,0.015,1432,99,2.4000000000000004
2370.5,0.016,1433,99,3.6
2371.0,0.015,1433,100,3.6
2371.5,0.015,1433,101,3.6
2372.0,0.015,1433,100,3.6
2372.5,0.015,1434,100,3.6
2373.0,0.013,1434,99,3.0
2373.5,0.016,1434,99,3.0
2374.0,0.015,1435,99,3.0
2374.5,0.015,1435,99,3.0
2375.0,0.015,1435,99,3.6
2375.5,0.016,1436,100,3.6
2376.0,0.013,1436,100,4.2
2376.5,0.015,1436,100,4.2
2377.0,0.016,1436,100,4.2
2377.5,0.015,1437,100,4.2
2378.0,0.016,1437,100,3.6
2378.5,0.018,1437,100,3.6
2379.0,0.015,1438,100,3.0
2379.5,0.016,1438,100,3.0
2380.0,0.015,1438,100,3.6
2380.5,0.015,1439,100,3.6
2381.0,0.015,1439,100,3.6
2381.5,0.015,1439,100,3.6
2382.0,0.015,1440,100,3.6
2382.5,0.016,1440,100,3.6
2383.0,0.016,1440,100,3.0
2383.5,0.015,1440,100,2.4000000000000004
2384.0,0.015,1441,100,2.4000000000000004
2384.5,0.015,1441,100,2.4000000000000004
2385.0,0.015,1441,100,3.0
2385.5,0.015,1442,100,3.0
2386.0,0.016,1442,100,3.0
2386.5,0.015,1442,100,2.4000000000000004
2387.0,0.015,1443,100,2.4000000000000004
2387.5,0.015,1443,101,1.8
2388.0,0.015,1443,101,1.8
2388.5,0.018,1443,101,1.8
2389.0,0.015,1444,100,1.8
2389.5,0.015,1444,100,1.8
2390.0,0.015,1444,99,1.2000000000000002
2390.5,0.013,1445,99,1.8
2391.0,0.015,1445,98,1.8
2391.5,0.018,1445,98,1.8
2392.0,0.015,1445,98,0.0
2392.5,0.015,1446,98,0.0
2393.0,0.016,1446,98,0.0
2393.5,0.015,1446,98,0.0
2394.0,0.013,1447,99,0.0
2394.5,0.018,1447,99,0.0
2395.0,0.018,1447,98,0.0
2395.5,0.013,1448,98,0.0
2396.0,0.016,1448,98,0.0
2396.5,0.015,1448,99,0.0
2397.0,0.015,1449,99,0.0
2397.5,0.016,1449,99,0.0
2398.0,0.016,1449,100,0.0
2398.5,0.013,1449,101,0.0
2399.0,0.016,1450,100,0.0
2399.5,0.016,1450,101,0.0
2400.0,0.015,1450,101,0.0
2400.5,0.016,1451,100,0.0
2401.0,0.016,1451,100,0.0
2401.5,0.013,1451,100,0.0
2402.0,0.015,1451,100,0.0
2402.5,0.015,1452,99,1.8
2403.0,0.016,1452,99,3.0
2403.5,0.015,1452,100,3.6
2404.0,0.016,1453,100,3.6
2404.5,0.015,1453,100,3.6
2405.0,0.015,1453,100,3.0
2405.5,0.015,1454,99,3.0
2406.0,0.015,1454,99,3.0
2406.5,0.015,1454,99,3.0
2407.0,0.015,1455,99,3.0
2407.5,0.015,1455,99,3.6
2408.0,0.016,1455,99,3.6
2408.5,0.016,1455,100,3.6
2409.0,0.018,1456,100,4.2
2409.5,0.015,1456,100,4.2
2410.0,0.015,1456,100,4.2
2410.5,0.015,1457,100,3.6
2411.0,0.016,1457,100,3.6
2411.5,0.015,1457,100,3.0
2412.0,0.015,1458,100,3.0
2412.5,0.016,1458,100,3.6
2413.0,0.015,1458,100,3.6
2413.5,0.015,1458,99,3.6
2414.0,0.016,1459,100,3.6
2414.5,0.015,1459,100,3.6
2415.0,0.015,1459,100,3.6
2415.5,0.015,1460,100,3.0
2416.0,0.015,1460,101,3.0
2416.5,0.015,1460,101,2.4000000000000004
2417.0,0.016,1461,100,2.4000000000000004
2417.5,0.016,1461,101,2.4000000000000004
2418.0,0.016,1461,100,3.0
2418.5,0.015,1461,100,3.0
2419.0,0.015,1462,100,2.4000000000000004
2419.5,0.016,1462,100,2.4000000000000004
2420.0,0.016,1462,100,1.8
2420.5,0.015,1463,101,1.8
2421.0,0.018,1463,101,1.8
2421.5,0.015,1463,100,1.8
2422.0,0.015,1464,99,1.8
2422.5,0.015,1464,99,1.2000000000000002
2423.0,0.016,1464,99,1.8
2423.5,0.015,1464,98,1.2000000000000002
2424.0,0.018,1465,98,1.8
2424.5,0.015,1465,98,0.6000000000000001
2425.0,0.013,1465,98,0.0
2425.5,0.016,1466,98,0.0
2426.0,0.018,1466,98,0.0
2426.5,0.015,1466,98,0.0
2427.0,0.016,1467,98,0.0
2427.5,0.015,1467,98,0.0
2428.0,0.016,1467,99,0.0
2428.5,0.015,1467,98,0.0
2429.0,0.016,1468,98,0.0
2429.5,0.016,1468,100,0.0
2430.0,0.016,1468,99,0.0
2430.5,0.016,1469,99,0.0
2431.0,0.016,1469,101,0.0
2431.5,0.016,1469,101,0.0
2432.0,0.018,1469,101,0.0
2432.5,0.016,1470,101,0.0
2433.0,0.015,1470,101,0.0
2433.5,0.015,1470,100,0.0
2434.0,0.016,1471,100,0.0
2434.5,0.016,1471,100,0.0
2435.0,0.018,1471,99,1.8
2435.5,0.015,1472,99,3.6
2436.0,0.018,1472,100,3.6
2436.5,0.015,1472,100,3.6
2437.0,0.016,1473,100,3.6
2437.5,0.015,1473,100,3.6
2438.0,0.016,1473,100,3.0
2438.5,0.015,1473,99,3.0
2439.0,0.016,1474,99,3.0
2439.5,0.018,1474,99,3.0
2440.0,0.015,1474,99,3.6
2440.5,0.015,1475,99,3.6
2441.0,0.016,1475,99,3.6
2441.5,0.015,1475,100,4.2
2442.0,0.015,1475,100,4.2
2442.5,0.016,1476,100,4.2
2443.0,0.015,1476,100,4.2
2443.5,0.016,1476,100,3.6
2444.0,0.016,1477,99,3.6
2444.5,0.015,1477,100,3.0
2445.0,0.016,1477,100,3.6
2445.5,0.016,1478,99,4.2
2446.0,0.015,1478,100,3.6
2446.5,0.015,1478,99,3.6
2447.0,0.016,1479,99,3.6
2447.5,0.016,1479,99,3.6
2448.0,0.013,1479,100,3.0
2448.5,0.016,1479,100,3.0
2449.0,0.015,1480,100,3.0
2449.5,0.015,1480,100,3.0
2450.0,0.015,1480,100,3.0
2450.5,0.015,1481,100,3.6
2451.0,0.015,1481,100,3.6
2451.5,0.018,1481,99,2.4000000000000004
2452.0,0.013,1482,100,2.4000000000000004
2452.5,0.015,1482,100,2.4000000000000004
2453.0,0.015,1482,101,1.8
2453.5,0.015,1482,101,1.8
2454.0,0.015,1483,100,1.8
2454.5,0.018,1483,100,1.2000000000000002
2455.0,0.013,1483,99,1.8
2455.5,0.015,1484,99,1.2000000000000002
2456.0,0.013,1484,98,1.2000000000000002
2456.5,0.015,1484,98,1.8
2457.0,0.015,1485,98,1.2000000000000002
2457.5,0.018,1485,98,0.0
2458.0,0.015,1485,98,0.0
2458.5,0.016,1485,98,0.0
2459.0,0.015,1486,98,0.0
2459.5,0.016,1486,99,0.0
2460.0,0.015,1486,98,0.0
2460.5,0.018,1487,98,0.0
2461.0,0.016,1487,99,0.0
2461.5,0.015,1487,98,0.0
2462.0,0.015,1488,99,0.0
2462.5,0.016,1488,100,0.0
2463.0,0.013,1488,99,0.0
2463.5,0.018,1488,100,0.0
2464.0,0.016,1489,101,0.0
2464.5,0.015,1489,101,0.0
2465.0,0.016,1489,101,0.0
2465.5,0.015,1490,101,0.0
2466.0,0.015,1490,100,0.0
2466.5,0.016,1490,100,0.0
2467.0,0.016,1491,100,0.0
2467.5,0.015,1491,100,0.6000000000000001
2468.0,0.015,1491,99,3.0
2468.5,0.015,1491,100,3.6
2469.0,0.015,1492,100,3.6
2469.5,0.016,1492,100,3.6
2470.0,0.015,1492,100,3.6
2470.5,0.015,1493,100,3.0
2471.0,0.016,1493,99,3.0
2471.5,0.015,1493,99,3.0
2472.0,0.013,1494,99,3.0
2472.5,0.013,1494,99,3.6
2473.0,0.015,1494,99,3.6
2473.5,0.016,1494,100,3.6
2474.0,0.015,1495,100,4.2
2474.5,0.015,1495,100,4.2
2475.0,0.015,1495,100,4.2
2475.5,0.013,1496,100,4.2
2476.0,0.016,1496,100,3.6
2476.5,0.015,1496,100,3.6
2477.0,0.015,1497,99,3.0
2477.5,0.015,1497,100,3.6
2478.0,0.015,1497,100,3.6
2478.5,0.013,1497,100,3.6
2479.0,0.015,1498,99,3.6
2479.5,0.013,1498,99,3.6
2480.0,0.016,1498,99,3.6
2480.5,0.013,1499,100,3.6
2481.0,0.015,1499,100,3.0
2481.5,0.013,1499,99,3.0
2482.0,0.015,1500,100,3.0
2482.5,0.015,1500,100,3.0
2483.0,0.016,1500,100,3.0
2483.5,0.015,1500,100,3.6
2484.0,0.015,1501,99,3.0
2484.5,0.013,1501,99,2.4000000000000004
2485.0,0.016,1501,100,2.4000000000000004
2485.5,0.015,1502,100,1.8
2486.0,0.016,1502,100,1.8
2486.5,0.011,1502,100,1.8
2487.0,0.013,1503,100,1.8
2487.5,0.013,1503,99,1.8
2488.0,0.016,1503,99,1.8
2488.5,0.013,1503,98,1.8
2489.0,0.016,1504,98,1.8
2489.5,0.015,1504,97,1.8
2490.0,0.015,1504,98,0.0
2490.5,0.013,1505,98,0.0
2491.0,0.018,1505,98,0.0
2491.5,0.013,1505,98,0.0
2492.0,0.016,1505,98,0.0
2492.5,0.015,1506,98,0.0
2493.0,0.016,1506,98,0.0
2493.5,0.015,1506,98,0.0
2494.0,0.016,1507,98,0.0
2494.5,0.015,1507,98,0.0
2495.0,0.016,1507,99,0.0
2495.5,0.016,1508,99,0.0
2496.0,0.015,1508,100,0.0
2496.5,0.013,1508,100,0.0
2497.0,0.016,1508,100,0.0
2497.5,0.015,1509,101,0.0
2498.0,0.015,1509,100,0.6000000000000001
2498.5,0.015,1509,100,0.0
2499.0,0.016,1510,100,0.0
2499.5,0.015,1510,100,0.0
2500.0,0.018,1510,100,0.0
2500.5,0.015,1511,99,2.4000000000000004
2501.0,0.016,1511,99,3.6
2501.5,0.016,1511,100,3.6
2502.0,0.015,1512,100,3.6
2502.5,0.013,1512,100,3.6
2503.0,0.016,1512,100,3.0
2503.5,0.015,1512,99,3.0
2504.0,0.016,1513,99,3.0
2504.5,0.016,1513,99,3.0
2505.0,0.013,1513,98,3.0
2505.5,0.013,1514,99,3.6
2506.0,0.015,1514,99,3.6
2506.5,0.016,1514,99,3.6
2507.0,0.016,1514,99,4.2
2507.5,0.015,1515,100,4.2
2508.0,0.015,1515,100,4.2
2508.5,0.013,1515,100,3.6
2509.0,0.015,1516,100,3.6
2509.5,0.015,1516,100,3.6
2510.0,0.016,1516,99,3.6
2510.5,0.016,1517,99,3.6
2511.0,0.015,1517,99,4.2
2511.5,0.013,1517,99,3.6
2512.0,0.013,1518,99,3.6
2512.5,0.015,1518,100,3.6
2513.0,0.016,1518,100,3.6
2513.5,0.016,1518,100,3.0
2514.0,0.013,1519,100,3.0
2514.5,0.013,1519,100,3.0
2515.0,0.015,1519,100,3.0
2515.5,0.015,1520,100,3.0
2516.0,0.013,1520,100,3.0
2516.5,0.016,1520,100,3.6
2517.0,0.013,1520,99,2.4000000000000004
2517.5,0.015,1521,100,2.4000000000000004
2518.0,0.013,1521,100,1.8
2518.5,0.013,1521,100,1.8
2519.0,0.013,1522,100,1.8
2519.5,0.016,1522,100,1.8
2520.0,0.013,1522,99,1.8
2520.5,0.013,1523,99,1.2000000000000002
2521.0,0.013,1523,98,1.8
2521.5,0.015,1523,98,1.8
2522.0,0.013,1523,98,1.8
2522.5,0.016,1524,98,0.6000000000000001
2523.0,0.013,1524,98,0.0
2523.5,0.015,1524,98,0.0
2524.0,0.013,1525,98,0.0
2524.5,0.016,1526,98,0.0
2525.0,0.016,1526,98,0.0
2525.5,0.015,1526,98,0.0
2526.0,0.015,1526,98,0.0
2526.5,0.015,1527,99,0.0
2527.0,0.013,1527,99,0.0
2527.5,0.016,1527,99,0.0
2528.0,0.015,1528,100,0.0
2528.5,0.015,1528,101,0.0
2529.0,0.013,1528,101,0.0
2529.5,0.013,1529,101,0.0
2530.0,0.013,1529,100,0.0
2530.5,0.016,1529,100,0.0
2531.0,0.015,1529,100,0.0
2531.5,0.013,1530,100,0.0
2532.0,0.015,1530,99,1.8
2532.5,0.013,1530,99,3.6
2533.0,0.015,1531,100,3.6
2533.5,0.015,1531,100,4.2
2534.0,0.015,1531,100,4.2
2534.5,0.013,1532,100,3.6
2535.0,0.013,1532,100,3.6
2535.5,0.013,1532,99,3.0
2536.0,0.013,1532,99,3.0
2536.5,0.015,1533,99,3.0
2537.0,0.013,1533,99,3.6
2537.5,0.011,1533,99,3.6
2538.0,0.016,1534,100,3.6
2538.5,0.013,1534,100,4.2
2539.0,0.015,1534,100,4.2
2539.5,0.013,1535,100,4.2
2540.0,0.013,1535,100,4.2
2540.5,0.015,1535,100,3.6
2541.0,0.015,1535,100,3.6
2541.5,0.013,1536,100,3.6
2542.0,0.013,1536,100,3.6
2542.5,0.013,1536,100,3.6
2543.0,0.015,1537,100,3.6
2543.5,0.013,1537,100,3.6
2544.0,0.015,1537,100,3.6
2544.5,0.013,1538,100,3.6
2545.0,0.013,1538,100,3.6
2545.5,0.013,1538,100,3.6
2546.0,0.013,1538,100,3.0
2546.5,0.015,1539,100,3.0
2547.0,0.015,1539,100,3.0
2547.5,0.015,1539,101,3.0
2548.0,0.015,1540,101,3.6
2548.5,0.013,1540,100,3.0
2549.0,0.013,1540,100,2.4000000000000004
2549.5,0.015,1541,100,2.4000000000000004
2550.0,0.015,1541,101,1.8
2550.5,0.013,1541,101,1.8
2551.0,0.015,1542,100,1.8
2551.5,0.011,1542,100,1.8
2552.0,0.015,1542,99,1.8
2552.5,0.015,1542,99,1.8
2553.0,0.015,1543,98,1.8
2553.5,0.011,1543,98,1.8
2554.0,0.013,1543,98,1.2000000000000002
2554.5,0.013,1544,98,0.0
2555.0,0.013,1544,98,0.0
2555.5,0.015,1544,98,0.0
2556.0,0.016,1544,98,0.0
2556.5,0.013,1545,99,0.0
2557.0,0.015,1545,99,0.0
2557.5,0.013,1545,98,0.0
2558.0,0.015,1546,98,0.0
2558.5,0.013,1546,98,0.0
2559.0,0.015,1546,99,0.0
2559.5,0.015,1547,99,0.0
2560.0,0.015,1547,99,0.0
2560.5,0.015,1547,100,0.0
2561.0,0.015,1547,101,0.0
2561.5,0.015,1548,101,0.0
2562.0,0.015,1548,101,0.0
2562.5,0.013,1548,101,0.0
2563.0,0.015,1549,100,0.0
2563.5,0.013,1549,100,0.0
2564.0,0.015,1549,100,0.0
2564.5,0.015,1550,100,1.2000000000000002
2565.0,0.016,1550,99,3.0
2565.5,0.013,1550,99,3.6
2566.0,0.015,1550,100,4.2
2566.5,0.015,1551,100,3.6
2567.0,0.015,1551,100,3.6
2567.5,0.013,1551,100,3.6
2568.0,0.016,1552,99,3.0
2568.5,0.013,1552,99,3.0
2569.0,0.016,1552,99,3.0
2569.5,0.013,1553,99,3.6
2570.0,0.015,1553,99,3.6
2570.5,0.013,1553,99,3.6
2571.0,0.016,1553,100,4.2
2571.5,0.013,1554,100,4.2
2572.0,0.013,1554,100,4.2
2572.5,0.019,1554,100,4.2
2573.0,0.011,1555,100,3.6
2573.5,0.015,1555,100,3.6
2574.0,0.015,1555,100,3.6
2574.5,0.013,1556,100,3.6
2575.0,0.013,1556,100,4.2
2575.5,0.016,1556,100,4.2
2576.0,0.011,1556,100,3.6
2576.5,0.013,1557,100,3.6
2577.0,0.015,1557,100,3.6
2577.5,0.015,1557,100,3.6
2578.0,0.013,1558,100,3.0
2578.5,0.016,1558,100,3.0
2579.0,0.011,1558,100,3.0
2579.5,0.015,1559,100,3.0
2580.0,0.013,1559,100,3.0
2580.5,0.016,1559,100,3.6
2581.0,0.013,1559,100,3.0
2581.5,0.015,1560,100,2.4000000000000004
2582.0,0.013,1560,100,2.4000000000000004
2582.5,0.013,1560,101,1.8
2583.0,0.013,1561,101,1.8
2583.5,0.015,1561,100,1.8
2584.0,0.013,1561,100,1.8
2584.5,0.015,1562,99,1.2000000000000002
2585.0,0.011,1562,99,1.8
2585.5,0.015,1562,99,1.8
2586.0,0.011,1562,98,1.8
2586.5,0.016,1563,98,1.2000000000000002
2587.0,0.011,1563,98,0.0
2587.5,0.016,1563,98,0.0
2588.0,0.011,1564,98,0.0
2588.5,0.015,1564,98,0.0
2589.0,0.013,1564,99,0.0
2589.5,0.015,1565,99,0.0
2590.0,0.015,1565,98,0.0
2590.5,0.016,1565,98,0.0
2591.0,0.013,1565,98,0.0
2591.5,0.013,1566,99,0.0
2592.0,0.013,1566,99,0.0
2592.5,0.015,1566,100,0.0
2593.0,0.013,1567,100,0.0
2593.5,0.015,1567,100,0.0
2594.0,0.015,1567,101,0.0
2594.5,0.016,1568,101,0.0
2595.0,0.015,1568,101,0.0
2595.5,0.015,1568,101,0.0
2596.0,0.013,1568,100,0.0
2596.5,0.015,1569,100,0.0
2597.0,0.011,1569,100,0.6000000000000001
2597.5,0.015,1569,99,2.4000000000000004
2598.0,0.015,1570,99,3.6
2598.5,0.015,1570,100,4.2
2599.0,0.013,1570,101,3.6
2599.5,0.016,1571,100,3.6
2600.0,0.013,1571,100,3.6
2600.5,0.015,1571,99,3.0
2601.0,0.015,1571,99,3.0
2601.5,0.015,1572,99,3.0
2602.0,0.013,1572,99,3.6
2602.5,0.015,1572,99,3.6
2603.0,0.013,1573,99,3.6
2603.5,0.015,1573,99,3.6
2604.0,0.013,1573,99,4.2
2604.5,0.011,1574,100,4.2
2605.0,0.013,1574,100,4.2
2605.5,0.015,1574,100,3.6
2606.0,0.015,1574,100,3.6
2606.5,0.015,1575,99,3.6
2607.0,0.013,1575,99,3.6
2607.5,0.013,1575,99,3.6
2608.0,0.013,1576,100,4.2
2608.5,0.013,1576,99,3.6
2609.0,0.013,1576,100,3.6
2609.5,0.013,1577,100,3.6
2610.0,0.013,1577,100,3.6
2610.5,0.011,1577,100,3.6
2611.0,0.013,1577,100,3.0
2611.5,0.015,1578,100,3.0
2612.0,0.013,1578,100,3.0
2612.5,0.013,1578,101,3.0
2613.0,0.015,1579,100,3.0
2613.5,0.013,1579,100,3.6
2614.0,0.013,1579,100,2.4000000000000004
2614.5,0.013,1580,100,2.4000000000000004
2615.0,0.013,1580,100,1.8
2615.5,0.015,1580,101,2.4000000000000004
2616.0,0.015,1581,101,1.2000000000000002
2616.5,0.016,1581,100,1.2000000000000002
2617.0,0.011,1581,100,1.2000000000000002
2617.5,0.011,1581,99,1.2000000000000002
2618.0,0.015,1582,99,1.2000000000000002
2618.5,0.013,1582,98,1.2000000000000002
2619.0,0.013,1582,98,1.2000000000000002
2619.5,0.013,1583,98,0.0
2620.0,0.013,1583,98,0.0
2620.5,0.013,1583,98,0.0
2621.0,0.016,1583,98,0.0
2621.5,0.011,1584,99,0.0
2622.0,0.013,1584,99,0.0
2622.5,0.015,1584,98,0.0
2623.0,0.015,1585,98,0.0
2623.5,0.013,1585,98,0.0
2624.0,0.018,1585,99,0.0
2624.5,0.013,1586,99,0.0
2625.0,0.015,1586,99,0.0
2625.5,0.015,1586,100,0.0
2626.0,0.015,1586,101,0.0
2626.5,0.013,1587,101,0.0
2627.0,0.015,1587,101,0.0
2627.5,0.013,1587,101,0.0
2628.0,0.015,1588,100,0.0
2628.5,0.013,1588,100,0.0
2629.0,0.015,1588,100,0.0
2629.5,0.013,1589,100,0.0
2630.0,0.015,1589,99,2.4000000000000004
2630.5,0.013,1589,99,3.0
2631.0,0.015,1590,100,3.6
2631.5,0.015,1590,100,3.6
2632.0,0.013,1590,100,3.6
2632.5,0.013,1590,100,3.0
2633.0,0.016,1591,100,3.0
2633.5,0.016,1591,99,3.0
2634.0,0.016,1591,99,3.0
2634.5,0.016,1592,99,3.0
2635.0,0.016,1592,99,3.6
2635.5,0.015,1592,99,3.6
2636.0,0.018,1592,99,3.6
2636.5,0.013,1593,99,4.2
2637.0,0.016,1593,100,4.2
2637.5,0.015,1593,100,4.2
2638.0,0.015,1594,100,4.2
2638.5,0.013,1594,100,3.6
2639.0,0.016,1594,100,3.6
2639.5,0.015,1595,99,3.6
2640.0,0.018,1595,99,3.6
2640.5,0.015,1595,100,4.2
2641.0,0.016,1596,100,3.6
2641.5,0.015,1596,99,3.6
2642.0,0.015,1596,100,3.6
2642.5,0.015,1596,100,3.6
2643.0,0.018,1597,100,3.0
2643.5,0.015,1597,100,3.0
2644.0,0.013,1597,100,3.0
2644.5,0.015,1598,100,3.0
2645.0,0.015,1598,101,3.0
2645.5,0.015,1598,101,3.0
2646.0,0.018,1599,100,3.6
2646.5,0.018,1599,100,2.4000000000000004
2647.0,0.015,1599,100,2.4000000000000004
2647.5,0.015,1599,101,1.8
2648.0,0.016,1600,101,1.8
2648.5,0.015,1600,101,1.8
2649.0,0.018,1600,100,1.8
2649.5,0.016,1601,100,1.8
2650.0,0.015,1601,99,1.8
2650.5,0.016,1601,99,1.8
2651.0,0.015,1601,99,1.8
2651.5,0.016,1602,98,1.8
2652.0,0.018,1602,98,0.6000000000000001
2652.5,0.016,1602,98,0.0
2653.0,0.015,1603,98,0.0
2653.5,0.016,1603,98,0.0
2654.0,0.015,1603,99,0.0
2654.5,0.016,1604,99,0.0
2655.0,0.016,1604,98,0.0
2655.5,0.019,1604,99,0.0
2656.0,0.015,1605,98,0.0
2656.5,0.016,1605,98,0.0
2657.0,0.015,1605,99,0.0
2657.5,0.016,1605,100,0.0
2658.0,0.016,1606,99,0.0
2658.5,0.018,1606,100,0.0
2659.0,0.015,1606,101,0.0
2659.5,0.016,1607,101,0.0
2660.0,0.016,1607,101,0.0
2660.5,0.016,1607,101,0.0
2661.0,0.016,1608,100,0.0
2661.5,0.018,1608,100,0.0
2662.0,0.016,1608,100,0.0
2662.5,0.016,1608,100,1.8
2663.0,0.016,1609,99,3.0
2663.5,0.016,1609,100,3.6
2664.0,0.016,1609,100,3.6
2664.5,0.018,1610,100,3.6
2665.0,0.015,1610,100,3.6
2665.5,0.016,1610,100,3.0
2666.0,0.016,1610,99,3.0
2666.5,0.019,1612,100,3.6
2667.0,0.016,1612,100,4.2
2667.5,0.016,1613,100,4.2
2668.0,0.015,1613,100,4.2
2668.5,0.016,1613,100,3.6
2669.0,0.016,1614,100,3.6
2669.5,0.016,1614,100,3.0
2670.0,0.016,1614,100,3.0
2670.5,0.016,1614,100,3.6
2671.0,0.015,1615,100,3.6
2671.5,0.018,1615,100,3.6
2672.0,0.016,1615,100,3.6
2672.5,0.018,1616,100,3.6
2673.0,0.016,1616,100,3.6
2673.5,0.015,1616,101,3.6
2674.0,0.016,1617,100,3.0
2674.5,0.018,1617,100,3.0
2675.0,0.016,1617,100,3.0
2675.5,0.019,1617,100,3.0
2676.0,0.018,1618,101,3.0
2676.5,0.016,1618,101,3.6
2677.0,0.016,1618,100,3.0
2677.5,0.018,1619,100,2.4000000000000004
2678.0,0.016,1619,101,2.4000000000000004
2678.5,0.018,1619,101,1.8
2679.0,0.018,1620,101,1.8
2679.5,0.018,1620,101,1.8
2680.0,0.016,1620,100,1.2000000000000002
2680.5,0.018,1620,100,1.8
2681.0,0.018,1621,99,1.8
2681.5,0.018,1621,99,1.8
2682.0,0.016,1621,98,1.8
2682.5,0.015,1622,99,0.6000000000000001
2683.0,0.016,1622,98,0.0
2683.5,0.021,1622,99,0.0
2684.0,0.018,1623,98,0.0
2684.5,0.016,1623,99,0.0
2685.0,0.016,1623,99,0.0
2685.5,0.015,1623,99,0.0
2686.0,0.018,1624,98,0.0
2686.5,0.018,1624,99,0.0
2687.0,0.018,1624,99,0.0
2687.5,0.019,1625,99,0.0
2688.0,0.018,1625,99,0.0
2688.5,0.018,1625,100,0.0
2689.0,0.016,1626,100,0.0
2689.5,0.018,1626,101,0.0
2690.0,0.018,1626,101,0.0
2690.5,0.018,1626,101,0.0
2691.0,0.018,1627,101,0.0
2691.5,0.018,1627,100,0.0
2692.0,0.018,1627,100,0.0
2692.5,0.019,1628,100,0.0
2693.0,0.016,1628,100,1.2000000000000002
2693.5,0.016,1628,99,3.0
2694.0,0.016,1629,100,3.6
2694.5,0.018,1629,100,3.6
2695.0,0.018,1629,100,3.6
2695.5,0.018,1630,100,3.6
2696.0,0.016,1630,100,3.0
2696.5,0.019,1630,99,3.0
2697.0,0.018,1630,99,3.0
2697.5,0.016,1631,99,3.0
2698.0,0.019,1631,99,3.6
2698.5,0.018,1631,99,3.6
2699.0,0.016,1632,99,3.6
2699.5,0.016,1632,100,4.2
2700.0,0.018,1632,100,4.2
2700.5,0.018,1632,100,4.2
2701.0,0.019,1633,100,3.6
2701.5,0.018,1633,100,3.6
2702.0,0.016,1633,100,3.6
2702.5,0.018,1634,99,3.6
2703.0,0.018,1634,100,3.6
2703.5,0.018,1634,100,3.6
2704.0,0.019,1635,99,3.6
2704.5,0.016,1635,99,3.6
2705.0,0.016,1635,100,3.6
2705.5,0.016,1635,100,3.6
2706.0,0.019,1636,100,3.6
2706.5,0.016,1636,100,3.0
2707.0,0.019,1636,100,3.0
2707.5,0.016,1637,99,3.0
2708.0,0.018,1637,100,3.0
2708.5,0.016,1637,100,3.0
2709.0,0.019,1638,100,3.0
2709.5,0.019,1638,100,3.0
2710.0,0.019,1638,99,3.0
2710.5,0.018,1639,100,1.8
2711.0,0.018,1639,100,1.8
2711.5,0.018,1639,100,1.8
2712.0,0.018,1639,100,1.8
2712.5,0.016,1640,100,1.8
2713.0,0.019,1640,99,1.8
2713.5,0.018,1640,99,1.8
2714.0,0.018,1641,98,1.8
2714.5,0.015,1641,98,1.8
2715.0,0.018,1641,98,1.2000000000000002
2715.5,0.018,1641,98,0.0
2716.0,0.018,1642,98,0.0
2716.5,0.018,1642,98,0.0
2717.0,0.016,1642,98,0.0
2717.5,0.016,1643,98,0.0
2718.0,0.018,1643,98,0.0
2718.5,0.016,1643,98,0.0
2719.0,0.018,1644,98,0.0
2719.5,0.018,1644,98,0.0
2720.0,0.016,1644,98,0.0
2720.5,0.016,1644,99,0.0
2721.0,0.018,1645,99,0.0
2721.5,0.016,1645,100,0.0
2722.0,0.016,1645,100,0.0
2722.5,0.016,1646,100,0.0
2723.0,0.019,1646,101,0.0
2723.5,0.016,1646,100,0.0
2724.0,0.018,1647,100,0.0
2724.5,0.016,1647,100,0.0
2725.0,0.015,1647,100,0.0
2725.5,0.018,1647,100,0.6000000000000001
2726.0,0.016,1648,99,2.4000000000000004
2726.5,0.018,1648,99,3.6
2727.0,0.018,1648,100,3.6
2727.5,0.018,1649,100,3.6
2728.0,0.015,1649,100,3.6
2728.5,0.018,1649,100,3.0
2729.0,0.015,1650,99,3.0
2729.5,0.018,1650,99,3.0
2730.0,0.018,1650,99,3.0
2730.5,0.016,1650,99,3.0
2731.0,0.016,1651,99,3.6
2731.5,0.019,1651,99,3.6
2732.0,0.016,1651,99,3.6
2732.5,0.016,1652,99,4.2
2733.0,0.018,1652,100,4.2
2733.5,0.016,1652,100,4.2
2734.0,0.015,1653,100,3.6
2734.5,0.019,1653,100,3.6
2735.0,0.016,1653,100,3.0
2735.5,0.018,1653,99,3.0
2736.0,0.018,1655,99,3.6
2736.5,0.016,1655,100,3.6
2737.0,0.018,1655,100,3.6
2737.5,0.018,1656,100,3.0
2738.0,0.018,1656,100,3.0
2738.5,0.016,1656,100,3.0
2739.0,0.019,1656,100,3.0
2739.5,0.016,1657,100,3.0
2740.0,0.018,1657,100,3.0
2740.5,0.018,1657,100,3.6
2741.0,0.018,1658,100,2.4000000000000004
2741.5,0.016,1658,100,2.4000000000000004
2742.0,0.021,1658,100,1.8
2742.5,0.016,1659,101,1.8
2743.0,0.016,1659,101,1.8
2743.5,0.018,1659,100,1.8
2744.0,0.016,1659,100,1.8
2744.5,0.016,1660,99,1.8
2745.0,0.019,1660,99,1.8
2745.5,0.015,1660,98,1.2000000000000002
2746.0,0.016,1661,98,1.8
2746.5,0.018,1661,98,0.0
2747.0,0.016,1661,98,0.0
2747.5,0.018,1662,98,0.0
2748.0,0.021,1662,98,0.0
2748.5,0.016,1662,98,0.0
2749.0,0.018,1662,98,0.0
2749.5,0.016,1663,98,0.0
2750.0,0.016,1663,98,0.0
2750.5,0.016,1663,98,0.0
2751.0,0.019,1664,98,0.0
2751.5,0.018,1664,99,0.0
2752.0,0.018,1664,100,0.0
2752.5,0.016,1664,99,0.0
2753.0,0.018,1665,100,0.0
2753.5,0.018,1665,101,0.0
2754.0,0.018,1665,101,0.0
2754.5,0.016,1666,101,0.0
2755.0,0.016,1666,100,0.0
2755.5,0.018,1666,100,0.0
2756.0,0.016,1667,100,0.0
2756.5,0.016,1667,100,0.0
2757.0,0.018,1667,100,1.8
2757.5,0.016,1668,99,3.0
2758.0,0.018,1668,100,3.6
2758.5,0.018,1668,100,3.6
2759.0,0.018,1669,100,3.6
2759.5,0.016,1669,100,3.6
2760.0,0.018,1669,100,3.6
2760.5,0.019,1669,99,3.0
2761.0,0.019,1670,99,3.0
2761.5,0.018,1670,99,3.0
2762.0,0.016,1670,99,3.6
2762.5,0.016,1671,99,3.6
2763.0,0.018,1671,100,3.6
2763.5,0.019,1671,100,4.2
2764.0,0.021,1671,100,4.2
2764.5,0.018,1672,100,4.2
2765.0,0.016,1672,100,3.6
2765.5,0.016,1672,100,3.6
2766.0,0.016,1673,100,3.6
2766.5,0.018,1673,100,3.6
2767.0,0.016,1673,100,3.6
2767.5,0.019,1674,99,3.6
2768.0,0.015,1674,100,3.6
2768.5,0.016,1674,99,3.6
2769.0,0.016,1674,100,3.6
2769.5,0.018,1675,100,3.6
2770.0,0.016,1675,100,3.6
2770.5,0.019,1675,100,3.0
2771.0,0.016,1676,100,3.0
2771.5,0.016,1676,100,3.0
2772.0,0.018,1676,100,3.0
2772.5,0.018,1677,100,3.0
2773.0,0.016,1677,100,3.6
2773.5,0.021,1677,100,2.4000000000000004
2774.0,0.016,1678,100,2.4000000000000004
2774.5,0.016,1678,100,1.8
2775.0,0.016,1678,101,1.8
2775.5,0.018,1678,100,1.8
2776.0,0.016,1679,100,1.8
2776.5,0.019,1679,100,1.2000000000000002
2777.0,0.016,1679,99,1.2000000000000002
2777.5,0.016,1680,99,1.2000000000000002
2778.0,0.016,1680,98,1.2000000000000002
2778.5,0.018,1680,98,1.2000000000000002
2779.0,0.016,1680,98,0.6000000000000001
2779.5,0.021,1681,98,0.0
2780.0,0.016,1681,98,0.0
2780.5,0.016,1681,98,0.0
2781.0,0.016,1682,98,0.0
2781.5,0.018,1682,99,0.0
2782.0,0.018,1682,98,0.0
2782.5,0.021,1683,98,0.0
2783.0,0.018,1683,98,0.0
2783.5,0.016,1683,98,0.0
2784.0,0.016,1683,98,0.0
2784.5,0.019,1684,99,0.0
2785.0,0.016,1684,99,0.0
2785.5,0.019,1684,100,0.0
2786.0,0.018,1685,100,0.0
2786.5,0.016,1685,101,0.0
2787.0,0.016,1685,101,0.0
2787.5,0.018,1686,100,0.0
2788.0,0.016,1686,100,0.0
2788.5,0.016,1686,100,0.0
2789.0,0.016,1686,100,0.0
2789.5,0.016,1687,99,1.2000000000000002
2790.0,0.016,1687,99,2.4000000000000004
2790.5,0.019,1687,99,3.6
2791.0,0.018,1688,100,4.2
2791.5,0.016,1688,100,3.6
2792.0,0.016,1688,100,3.6
2792.5,0.016,1689,100,3.6
2793.0,0.016,1689,99,3.0
2793.5,0.016,1689,99,3.0
2794.0,0.016,1689,99,3.0
2794.5,0.018,1690,99,3.6
2795.0,0.018,1690,99,3.6
2795.5,0.018,1690,99,3.6
2796.0,0.016,1691,99,4.2
2796.5,0.018,1691,99,4.2
2797.0,0.018,1691,100,4.2
2797.5,0.018,1692,100,4.2
2798.0,0.018,1692,100,3.6
2798.5,0.018,1692,100,3.6
2799.0,0.018,1692,99,3.0
2799.5,0.018,1693,99,3.6
2800.0,0.018,1693,99,3.6
2800.5,0.016,1693,99,3.6
2801.0,0.018,1694,99,3.6
2801.5,0.016,1694,99,3.6
2802.0,0.016,1694,99,3.6
2802.5,0.016,1695,100,3.6
2803.0,0.016,1695,100,3.0
2803.5,0.015,1695,99,3.0
2804.0,0.018,1695,100,3.0
2804.5,0.016,1696,100,3.0
2805.0,0.016,1696,100,3.0
2805.5,0.018,1696,99,3.0
2806.0,0.016,1697,100,3.0
2806.5,0.016,1697,100,2.4000000000000004
2807.0,0.018,1697,100,2.4000000000000004
2807.5,0.016,1698,100,1.8
2808.0,0.018,1698,101,1.8
2808.5,0.019,1698,100,1.8
2809.0,0.016,1698,100,1.2000000000000002
2809.5,0.016,1699,99,1.2000000000000002
2810.0,0.018,1699,99,1.2000000000000002
2810.5,0.018,1699,98,1.2000000000000002
2811.0,0.018,1700,98,1.8
2811.5,0.016,1700,98,1.2000000000000002
2812.0,0.018,1700,98,0.0
2812.5,0.016,1701,98,0.0
2813.0,0.018,1701,98,0.0
2813.5,0.016,1701,98,0.0
2814.0,0.016,1701,98,0.0
2814.5,0.018,1702,99,0.0
2815.0,0.018,1702,98,0.0
2815.5,0.015,1702,98,0.0
2816.0,0.016,1703,98,0.0
2816.5,0.019,1703,99,0.0
2817.0,0.018,1703,99,0.0
2817.5,0.015,1703,99,0.0
2818.0,0.018,1704,100,0.0
2818.5,0.016,1704,101,0.0
2819.0,0.018,1704,101,0.0
2819.5,0.018,1705,101,0.0
2820.0,0.018,1705,101,0.0
2820.5,0.015,1705,100,0.0
2821.0,0.018,1706,100,0.0
2821.5,0.018,1706,100,0.0
2822.0,0.018,1706,100,0.0
2822.5,0.016,1707,99,2.4000000000000004
2823.0,0.018,1707,99,3.6
2823.5,0.016,1707,100,4.2
2824.0,0.018,1707,100,3.6
2824.5,0.015,1708,100,3.6
2825.0,0.019,1708,100,3.6
2825.5,0.018,1708,99,3.0
2826.0,0.016,1709,99,3.0
2826.5,0.016,1709,99,3.0
2827.0,0.016,1709,99,3.6
2827.5,0.016,1710,99,3.6
2828.0,0.016,1710,99,3.6
2828.5,0.018,1710,100,4.2
2829.0,0.018,1710,100,4.2
2829.5,0.018,1711,100,4.800000000000001
2830.0,0.016,1711,100,4.800000000000001
2830.5,0.015,1711,100,3.6
2831.0,0.016,1712,100,3.6
2831.5,0.016,1712,100,3.0
2832.0,0.018,1712,100,3.6
2832.5,0.018,1713,100,3.6
2833.0,0.016,1713,100,4.2
2833.5,0.016,1713,100,3.6
2834.0,0.016,1713,100,3.6
2834.5,0.018,1714,100,3.6
2835.0,0.016,1714,100,3.6
2835.5,0.018,1714,100,3.0
2836.0,0.015,1715,100,3.0
2836.5,0.016,1715,100,3.0
2837.0,0.016,1715,100,3.0
2837.5,0.016,1716,101,3.0
2838.0,0.016,1716,101,3.0
2838.5,0.018,1716,100,3.6
2839.0,0.015,1716,100,3.0
2839.5,0.018,1717,100,2.4000000000000004
2840.0,0.015,1717,100,1.8
2840.5,0.015,1717,101,1.8
2841.0,0.016,1718,101,1.8
2841.5,0.018,1718,100,1.8
2842.0,0.016,1718,99,1.8
2842.5,0.018,1719,99,1.2000000000000002
2843.0,0.016,1719,99,1.8
2843.5,0.016,1719,98,1.8
2844.0,0.016,1719,98,1.8
2844.5,0.016,1720,98,0.6000000000000001
2845.0,0.015,1720,98,0.0
2845.5,0.016,1720,98,0.0
2846.0,0.016,1721,98,0.0
2846.5,0.015,1721,99,0.0
2847.0,0.016,1721,99,0.0
2847.5,0.019,1722,98,0.0
2848.0,0.015,1722,99,0.0
2848.5,0.016,1722,98,0.0
2849.0,0.016,1722,98,0.0
2849.5,0.016,1723,99,0.0
2850.0,0.016,1723,100,0.0
2850.5,0.016,1723,100,0.0
2851.0,0.016,1724,101,0.0
2851.5,0.018,1724,101,0.0
2852.0,0.016,1724,101,0.0
2852.5,0.016,1725,101,0.0
2853.0,0.016,1725,100,0.0
2853.5,0.016,1725,100,0.0
2854.0,0.015,1725,100,0.0
2854.5,0.016,1726,100,0.0
2855.0,0.015,1726,99,1.8
2855.5,0.016,1726,99,3.0
2856.0,0.013,1728,99,3.6
2856.5,0.015,1728,99,3.0
2857.0,0.015,1729,98,3.0
2857.5,0.015,1729,98,3.6
2858.0,0.015,1729,99,3.6
2858.5,0.015,1730,99,3.6
2859.0,0.015,1730,99,4.2
2859.5,0.015,1730,99,4.2
2860.0,0.013,1731,100,4.2
2860.5,0.015,1731,100,3.6
2861.0,0.015,1731,100,3.6
2861.5,0.015,1731,99,3.6
2862.0,0.013,1732,99,3.6
2862.5,0.016,1732,99,3.6
2863.0,0.013,1732,99,4.2
2863.5,0.015,1733,99,4.2
2864.0,0.013,1733,99,3.6
2864.5,0.015,1733,99,3.6
2865.0,0.013,1734,99,3.6
2865.5,0.015,1734,99,3.6
2866.0,0.015,1734,100,3.0
2866.5,0.015,1734,100,3.0
2867.0,0.015,1735,100,3.0
2867.5,0.016,1735,100,3.0
2868.0,0.013,1735,100,3.0
2868.5,0.015,1736,100,3.6
2869.0,0.015,1736,100,3.0
2869.5,0.015,1736,100,2.4000000000000004
2870.0,0.015,1737,100,1.8
2870.5,0.016,1737,101,1.8
2871.0,0.015,1737,101,1.8
2871.5,0.015,1737,101,1.8
2872.0,0.015,1738,100,1.8
2872.5,0.015,1738,100,1.8
2873.0,0.013,1738,99,1.8
2873.5,0.018,1739,99,1.8
2874.0,0.015,1739,98,1.8
2874.5,0.015,1739,98,1.2000000000000002
2875.0,0.015,1740,98,0.0
2875.5,0.015,1740,99,0.0
2876.0,0.015,1740,98,0.0
2876.5,0.016,1740,99,0.0
2877.0,0.015,1741,99,0.0
2877.5,0.013,1741,99,0.0
2878.0,0.015,1741,98,0.0
2878.5,0.015,1742,99,0.0
2879.0,0.015,1742,99,0.0
2879.5,0.016,1742,99,0.0
2880.0,0.015,1743,100,0.0
2880.5,0.013,1743,100,0.0
2881.0,0.016,1743,100,0.0
2881.5,0.015,1743,101,0.0
2882.0,0.013,1744,102,0.0
2882.5,0.016,1744,101,0.0
2883.0,0.016,1744,101,0.0
2883.5,0.015,1745,101,0.0
2884.0,0.018,1745,100,0.0
2884.5,0.015,1745,101,0.0
2885.0,0.015,1746,100,1.8
2885.5,0.015,1746,100,3.0
2886.0,0.015,1746,100,3.6
2886.5,0.015,1746,101,4.2
2887.0,0.016,1747,101,3.6
2887.5,0.015,1747,101,3.6
2888.0,0.015,1747,100,3.0
2888.5,0.015,1748,100,3.0
2889.0,0.013,1748,100,3.0
2889.5,0.015,1748,99,3.0
2890.0,0.016,1749,99,3.0
2890.5,0.013,1749,99,3.6
2891.0,0.015,1749,100,3.6
2891.5,0.015,1749,100,4.2
2892.0,0.015,1750,100,4.2
2892.5,0.016,1750,100,4.2
2893.0,0.015,1750,100,3.6
2893.5,0.013,1751,100,3.6
2894.0,0.013,1751,100,3.0
2894.5,0.015,1751,100,3.0
2895.0,0.013,1752,99,3.6
2895.5,0.016,1752,99,4.2
2896.0,0.015,1752,99,3.6
2896.5,0.013,1752,99,3.6
2897.0,0.016,1753,99,3.6
2897.5,0.016,1753,99,3.6
2898.0,0.015,1753,100,3.0
2898.5,0.015,1754,100,3.0
2899.0,0.016,1754,100,3.0
2899.5,0.013,1754,100,3.0
2900.0,0.013,1755,100,3.0
2900.5,0.016,1755,100,3.0
2901.0,0.015,1755,100,3.0
2901.5,0.015,1756,100,3.0
2902.0,0.016,1756,99,2.4000000000000004
2902.5,0.015,1756,100,1.8
2903.0,0.013,1756,100,1.8
2903.5,0.015,1757,101,1.8
2904.0,0.015,1757,100,1.8
2904.5,0.013,1757,100,1.8
2905.0,0.015,1758,99,1.8
2905.5,0.015,1758,99,1.8
2906.0,0.013,1758,98,1.8
2906.5,0.015,1758,98,1.8
2907.0,0.016,1759,98,1.8
2907.5,0.011,1759,98,0.0
2908.0,0.015,1759,98,0.0
2908.5,0.013,1760,98,0.0
2909.0,0.013,1760,99,0.0
2909.5,0.013,1760,99,0.0
2910.0,0.018,1761,99,0.0
2910.5,0.013,1761,98,0.0
2911.0,0.016,1761,98,0.0
2911.5,0.015,1761,98,0.0
2912.0,0.013,1762,99,0.0
2912.5,0.013,1762,99,0.0
2913.0,0.015,1762,100,0.0
2913.5,0.016,1763,100,0.0
2914.0,0.015,1763,101,0.0
2914.5,0.013,1763,101,0.0
2915.0,0.015,1764,101,0.0
2915.5,0.013,1764,101,0.0
2916.0,0.015,1764,101,0.0
2916.5,0.013,1764,100,0.0
2917.0,0.015,1765,100,0.0
2917.5,0.013,1765,100,0.6000000000000001
2918.0,0.015,1765,100,2.4000000000000004
2918.5,0.013,1766,100,3.6
2919.0,0.016,1766,100,3.6
2919.5,0.015,1766,101,3.6
2920.0,0.015,1767,100,3.6
2920.5,0.015,1767,100,3.0
2921.0,0.015,1767,100,3.0
2921.5,0.015,1767,99,3.0
2922.0,0.015,1768,99,3.0
2922.5,0.013,1768,99,3.0
2923.0,0.018,1768,99,3.6
2923.5,0.015,1769,100,3.6
2924.0,0.015,1769,100,3.6
2924.5,0.015,1769,100,4.2
2925.0,0.015,1770,100,4.2
2925.5,0.015,1770,100,4.2
2926.0,0.016,1770,101,3.6
2926.5,0.015,1771,100,3.6
2927.0,0.016,1771,100,3.0
2927.5,0.013,1771,100,3.0
2928.0,0.015,1771,100,3.6
2928.5,0.015,1772,100,4.2
2929.0,0.016,1772,100,3.6
2929.5,0.015,1772,100,3.6
2930.0,0.015,1773,100,3.6
2930.5,0.013,1773,100,3.6
2931.0,0.015,1773,100,3.6
2931.5,0.013,1774,100,3.0
2932.0,0.018,1774,100,3.0
2932.5,0.015,1774,100,3.0
2933.0,0.015,1774,100,3.0
2933.5,0.015,1775,100,3.0
2934.0,0.013,1775,100,3.0
2934.5,0.015,1775,100,2.4000000000000004
2935.0,0.016,1776,100,2.4000000000000004
2935.5,0.016,1776,100,1.8
2936.0,0.015,1776,101,1.8
2936.5,0.015,1777,100,1.8
2937.0,0.015,1777,100,1.8
2937.5,0.013,1777,99,1.8
2938.0,0.016,1777,99,1.8
2938.5,0.015,1778,99,1.8
2939.0,0.013,1778,98,1.8
2939.5,0.015,1778,98,1.8
2940.0,0.013,1779,98,0.0
2940.5,0.013,1779,98,0.0
2941.0,0.015,1779,98,0.0
2941.5,0.016,1780,98,0.0
2942.0,0.013,1780,99,0.0
2942.5,0.015,1780,99,0.0
2943.0,0.015,1780,98,0.0
2943.5,0.013,1781,99,0.0
2944.0,0.013,1781,98,0.0
2944.5,0.016,1781,99,0.0
2945.0,0.015,1782,99,0.0
2945.5,0.015,1782,99,0.0
2946.0,0.013,1782,99,0.0
2946.5,0.015,1783,101,0.0
2947.0,0.015,1783,101,0.6000000000000001
2947.5,0.016,1783,101,0.0
2948.0,0.013,1783,101,0.0
2948.5,0.015,1784,100,0.0
2949.0,0.016,1784,100,0.0
2949.5,0.015,1784,100,0.0
2950.0,0.015,1785,100,0.6000000000000001
2950.5,0.015,1785,100,2.4000000000000004
2951.0,0.015,1785,99,3.0
2951.5,0.016,1785,100,3.6
2952.0,0.015,1786,101,3.6
2952.5,0.016,1786,100,3.6
2953.0,0.015,1786,100,3.0
2953.5,0.015,1787,100,3.0
2954.0,0.015,1787,99,3.0
2954.5,0.015,1787,99,3.0
2955.0,0.015,1788,99,3.6
2955.5,0.015,1788,99,3.6
2956.0,0.013,1788,99,3.6
2956.5,0.015,1789,100,3.6
2957.0,0.015,1789,100,4.2
2957.5,0.016,1789,100,4.2
2958.0,0.016,1789,100,3.6
2958.5,0.015,1790,100,3.6
2959.0,0.015,1790,100,3.0
2959.5,0.015,1790,100,3.0
2960.0,0.015,1791,100,3.0
2960.5,0.015,1791,100,3.6
2961.0,0.015,1791,100,3.6
2961.5,0.015,1792,100,3.6
2962.0,0.015,1792,100,3.6
2962.5,0.015,1792,100,3.6
2963.0,0.013,1792,100,3.6
2963.5,0.016,1793,100,3.0
2964.0,0.016,1793,101,3.0
2964.5,0.016,1793,100,3.0
2965.0,0.013,1794,100,3.0
2965.5,0.015,1794,100,3.0
2966.0,0.016,1794,100,3.0
2966.5,0.016,1795,100,3.0
2967.0,0.015,1795,100,2.4000000000000004
2967.5,0.013,1795,100,2.4000000000000004
2968.0,0.015,1795,100,1.8
2968.5,0.015,1796,101,1.8
2969.0,0.015,1796,101,1.8
2969.5,0.016,1796,100,1.8
2970.0,0.015,1797,99,1.2000000000000002
2970.5,0.015,1797,99,1.2000000000000002
2971.0,0.015,1797,99,1.2000000000000002
2971.5,0.015,1798,98,1.2000000000000002
2972.0,0.016,1798,98,1.8
2972.5,0.016,1798,98,0.0
2973.0,0.015,1798,98,0.0
2973.5,0.015,1799,98,0.0
2974.0,0.015,1799,98,0.0
2974.5,0.016,1799,99,0.0
2975.0,0.016,1800,99,0.0
2975.5,0.016,1800,98,0.0
2976.0,0.015,1800,0,0.0
2976.5,0.013,1800,0,4.2
2977.0,0.013,1800,0,8.5
2977.5,0.011,1800,0,11.5
2978.0,0.011,1800,0,13.3
2978.5,0.01,1800,0,12.700000000000001
2979.0,0.013,1800,0,12.100000000000001
2979.5,0.01,1800,0,10.9
2980.0,0.011,1800,0,9.700000000000001
2980.5,0.01,1800,0,8.5
2981.0,0.011,1800,0,7.300000000000001
2981.5,0.011,1800,0,6.0
2982.0,0.011,1800,0,5.4
2982.5,0.011,1800,0,4.800000000000001
2983.0,0.013,1800,0,4.2
2983.5,0.013,1800,0,3.6
2984.0,0.013,1800,0,3.0
2984.5,0.013,1800,0,2.4000000000000004
2985.0,0.015,1800,0,1.8
2985.5,0.015,1800,0,1.8
2986.0,0.013,1800,0,1.2000000000000002
2986.5,0.015,1800,0,1.2000000000000002
2987.0,0.013,1800,0,0.6000000000000001
2987.5,0.013,1800,0,0.0
2988.0,0.013,1800,0,0.0
2988.5,0.013,1800,0,0.0
2989.0,0.013,1800,0,0.0
2989.5,0.011,1800,0,0.0
2990.0,0.011,1800,0,0.0
2990.5,0.011,1800,0,0.0
2991.0,0.011,1800,0,0.0
2991.5,0.01,1800,0,0.0
2992.0,0.01,1800,0,0.0
2992.5,0.01,1800,0,0.0
2993.0,0.008,1800,0,0.0
2993.5,0.01,1800,0,0.0
2994.0,0.01,1800,0,0.0
2994.5,0.01,1800,0,0.0
2995.0,0.01,1800,0,0.0
2995.5,0.01,1800,0,0.0
2996.0,0.01,1800,0,0.0
2996.5,0.01,1800,0,0.0
2997.0,0.01,1800,0,0.0
2997.5,0.01,1800,0,0.0
2998.0,0.01,1800,0,0.0
2998.5,0.01,1800,0,0.0
2999.0,0.011,1800,0,0.0
2999.5,0.01,1800,0,0.0
3000.0,0.01,1800,0,0.0
3000.5,0.01,1800,0,0.0
3001.0,0.01,1800,0,0.0
3001.5,0.01,1800,0,0.0
3002.0,0.011,1800,0,0.0
3002.5,0.011,1800,0,0.0
3003.0,0.01,1800,0,0.0
3003.5,0.011,1800,0,0.0
3004.0,0.01,1800,0,0.0
3004.5,0.011,1800,0,0.0
3005.0,0.01,1800,0,0.0
3005.5,0.01,1800,0,0.0
3006.0,0.011,1800,0,0.0
3006.5,0.01,1800,0,0.0
3007.0,0.011,1800,0,0.0
3007.5,0.01,1800,0,0.0
3008.0,0.01,1800,0,0.0
3008.5,0.01,1800,0,0.0
3009.0,0.01,1800,0,0.0
3009.5,0.011,1800,0,0.0
3010.0,0.011,1800,0,0.0
3010.5,0.01,1800,0,0.0
3011.0,0.01,1800,0,0.0
3011.5,0.01,1800,0,0.0
3012.0,0.01,1800,0,0.0
3012.5,0.01,1800,0,0.0
3013.0,0.011,1800,0,0.0
3013.5,0.01,1800,0,0.0
3014.0,0.01,1800,0,0.0
3014.5,0.01,1800,0,0.0
3015.0,0.011,1800,0,0.0
3015.5,0.01,1800,0,0.0
3016.0,0.01,1800,0,0.0
3016.5,0.011,1800,0,0.0
3017.0,0.01,1800,0,0.0
3017.5,0.011,1800,0,0.0
3018.0,0.01,1800,0,0.0
3018.5,0.01,1800,0,0.0
3019.0,0.01,1800,0,0.0
3019.5,0.01,1800,0,0.0
3020.0,0.01,1800,0,0.0
3020.5,0.01,1800,0,0.0
3021.0,0.01,1800,0,0.0
3021.5,0.011,1800,0,0.0
3022.0,0.011,1800,0,0.0
3022.5,0.01,1800,0,0.0
3023.0,0.01,1800,0,0.0
3023.5,0.011,1800,0,0.0
3024.0,0.01,1800,0,0.0
3024.5,0.01,1800,0,0.0
3025.0,0.01,1800,0,0.0
3025.5,0.01,1800,0,0.0
3026.0,0.01,1800,0,0.0
3026.5,0.01,1800,0,0.0
3027.0,0.01,1800,0,0.0
3027.5,0.011,1800,0,0.0
3028.0,0.01,1800,0,0.0
3028.5,0.011,1800,0,0.0
3029.0,0.01,1800,0,0.0
3029.5,0.011,1800,0,0.0
3030.0,0.01,1800,0,0.0
3030.5,0.011,1800,0,0.0
3031.0,0.01,1800,0,0.0
3031.5,0.01,1800,0,0.0
3032.0,0.01,1800,0,0.0
3032.5,0.011,1800,0,0.0
3033.0,0.01,1800,0,0.0
3033.5,0.011,1800,0,0.0
3034.0,0.011,1800,0,0.0
3034.5,0.011,1800,0,0.0
3035.0,0.011,1800,0,0.0
3035.5,0.01,1800,0,0.0
3036.0,0.011,1800,0,0.0
3036.5,0.01,1800,0,0.0
3037.0,0.01,1800,0,0.0
3037.5,0.011,1800,0,0.0
3038.0,0.011,1800,0,0.0
3038.5,0.011,1800,0,0.0
3039.0,0.01,1800,0,0.0
3039.5,0.01,1800,0,0.0
3040.0,0.01,1800,0,0.0
3040.5,0.01,1800,0,0.0
3041.0,0.011,1800,0,0.0
3041.5,0.011,1800,0,0.0
3042.0,0.01,1800,0,0.0
3042.5,0.011,1800,0,0.0
3043.0,0.01,1800,0,0.0
3043.5,0.011,1800,0,0.0
3044.0,0.01,1800,0,0.0
3044.5,0.011,1800,0,0.0
3045.0,0.01,1800,0,0.0
3045.5,0.01,1800,0,0.0
3046.0,0.011,1800,0,0.0
3046.5,0.011,1800,0,0.0
3047.0,0.011,1800,0,0.0
3047.5,0.011,1800,0,0.0
3048.0,0.01,1800,0,0.0
3048.5,0.011,1800,0,0.0
3049.0,0.011,1800,0,0.0
3049.5,0.011,1800,0,0.0
3050.0,0.011,1800,0,0.0
3050.5,0.011,1800,0,0.0
3051.0,0.011,1800,0,0.0
3051.5,0.011,1800,0,0.0
3052.0,0.011,1800,0,0.0
3052.5,0.011,1800,0,0.0
3053.0,0.011,1800,0,0.0
3053.5,0.011,1800,0,0.0
3054.0,0.013,1800,0,0.0
3054.5,0.011,1800,0,0.0
3055.0,0.011,1800,0,0.0
3055.5,0.011,1800,0,0.0
3056.0,0.011,1800,0,0.0
3056.5,0.011,1800,0,0.0
3057.0,0.011,1800,0,0.0
3057.5,0.011,1800,0,0.0
3058.0,0.011,1800,0,0.0
3058.5,0.011,1800,0,0.0
3059.0,0.011,1800,0,0.0
3059.5,0.011,1800,0,0.0
3060.0,0.011,1800,0,0.0
3060.5,0.011,1800,0,0.0
3061.0,0.011,1800,0,0.0
3061.5,0.011,1800,0,0.0
3062.0,0.011,1800,0,0.0
3062.5,0.011,1800,0,0.0
3063.0,0.011,1800,0,0.0
3063.5,0.011,1800,0,0.0
3064.0,0.011,1800,0,0.0
3064.5,0.013,1800,0,0.0
3065.0,0.011,1800,0,0.0
3065.5,0.011,1800,0,0.0
3066.0,0.011,1800,0,0.0
3066.5,0.011,1800,0,0.0
3067.0,0.011,1800,0,0.0
3067.5,0.011,1800,0,0.0
3068.0,0.011,1800,0,0.0
3068.5,0.01,1800,0,0.0
3069.0,0.011,1800,0,0.0
3069.5,0.011,1800,0,0.0
3070.0,0.011,1800,0,0.0
3070.5,0.011,1800,0,0.0
3071.0,0.011,1800,0,0.0
3071.5,0.011,1800,0,0.0
3072.0,0.011,1800,0,0.0
3072.5,0.011,1800,0,0.0
3073.0,0.011,1800,0,0.0
3073.5,0.008,1800,0,0.0
3074.0,0.011,1800,0,0.0
3074.5,0.011,1800,0,0.0
3075.0,0.011,1800,0,0.0
3075.5,0.011,1800,0,0.0
3076.0,0.011,1800,0,0.0
3076.5,0.01,1800,0,0.0
3077.0,0.011,1800,0,0.0
3077.5,0.011,1800,0,0.0
3078.0,0.011,1800,0,0.0
3078.5,0.011,1800,0,0.0
3079.0,0.011,1800,0,0.0
3079.5,0.011,1800,0,0.0
3080.0,0.011,1800,0,0.0
3080.5,0.011,1800,0,0.0
3081.0,0.01,1800,0,0.0
3081.5,0.011,1800,0,0.0
3082.0,0.011,1800,0,0.0
3082.5,0.01,1800,0,0.0
3083.0,0.011,1800,0,0.0
3083.5,0.01,1800,0,0.0
3084.0,0.011,1800,0,0.0
3084.5,0.011,1800,0,0.0
3085.0,0.011,1800,0,0.0
3085.5,0.011,1800,0,0.0
3086.0,0.011,1800,0,0.0
3086.5,0.011,1800,0,0.0
3087.0,0.011,1800,0,0.0
3087.5,0.013,1800,0,0.0
3088.0,0.011,1800,0,0.0
3088.5,0.011,1800,0,0.0
3089.0,0.011,1800,0,0.0
3089.5,0.01,1800,0,0.0
3090.0,0.011,1800,0,0.0
3090.5,0.01,1800,0,0.0
3091.0,0.01,1800,0,0.0
3091.5,0.01,1800,0,0.0
3092.0,0.01,1800,0,0.0
3092.5,0.011,1800,0,0.0
