0,0.015,0,32,0.0
0.5,0.018,0,16,0.0
1.0,0.019,0,13,0.0
1.5,0.021,0,11,0.0
2.0,0.019,1,15,0.0
2.5,0.023,1,24,0.0
3.0,0.021,1,29,0.0
3.5,0.019,1,37,0.0
4.0,0.021,1,39,0.0
4.5,0.023,1,44,0.0
5.0,0.024,1,46,0.0
5.5,0.024,2,50,0.0
6.0,0.026,2,51,0.0
6.5,0.027,2,53,0.0
7.0,0.029,2,55,0.0
7.5,0.031,2,56,0.0
8.0,0.029,2,56,0.0
8.5,0.029,3,57,0.0
9.0,0.027,3,57,0.0
9.5,0.026,3,57,0.0
10.0,0.024,3,57,0.0
10.5,0.026,3,59,0.0
11.0,0.027,3,63,0.0
11.5,0.026,4,66,0.0
12.0,0.027,4,68,0.0
12.5,0.027,4,69,2.4000000000000004
13.0,0.027,4,70,3.6
13.5,0.027,5,72,4.2
14.0,0.027,5,74,4.2
14.5,0.026,5,76,4.2
15.0,0.024,5,78,3.6
15.5,0.023,5,79,3.0
16.0,0.021,6,79,2.4000000000000004
16.5,0.021,6,80,1.8
17.0,0.021,6,80,1.2000000000000002
17.5,0.023,6,80,1.2000000000000002
18.0,0.019,7,80,1.2000000000000002
18.5,0.021,7,81,1.2000000000000002
19.0,0.019,7,81,1.2000000000000002
19.5,0.019,7,81,0.6000000000000001
20.0,0.019,8,81,0.6000000000000001
20.5,0.018,8,81,1.2000000000000002
21.0,0.019,8,81,1.2000000000000002
21.5,0.019,8,81,1.2000000000000002
22.0,0.018,9,81,3.6
22.5,0.018,9,83,6.0
23.0,0.018,9,86,7.2
23.5,0.019,9,88,8.5
24.0,0.019,10,90,8.5
24.5,0.019,10,93,8.5
25.0,0.019,10,95,8.5
25.5,0.018,11,97,6.0
26.0,0.019,11,96,4.2
26.5,0.021,11,98,3.6
27.0,0.023,11,99,3.6
27.5,0.024,12,100,3.6
28.0,0.024,12,101,3.0
28.5,0.024,12,101,2.4000000000000004
29.0,0.024,13,102,2.4000000000000004
29.5,0.027,13,102,2.4000000000000004
30.0,0.026,13,103,4.800000000000001
30.5,0.023,14,105,7.2
31.0,0.023,14,107,4.800000000000001
31.5,0.024,14,109,3.6
32.0,0.024,15,112,2.4000000000000004
32.5,0.024,15,115,1.8
33.0,0.023,15,117,1.8
33.5,0.029,16,119,1.2000000000000002
34.0,0.024,16,120,1.2000000000000002
34.5,0.023,16,121,0.6000000000000001
35.0,0.023,17,121,0.6000000000000001
35.5,0.019,17,123,0.0
36.0,0.021,18,122,0.0
36.5,0.018,18,122,0.0
37.0,0.018,18,123,0.0
37.5,0.018,19,124,0.0
38.0,0.018,19,124,0.0
38.5,0.023,19,124,0.0
39.0,0.019,20,124,0.0
39.5,0.019,20,124,0.0
40.0,0.019,21,125,0.0
40.5,0.018,21,125,0.0
41.0,0.019,21,126,0.0
41.5,0.018,22,127,0.0
42.0,0.019,22,127,0.0
42.5,0.019,22,126,0.0
43.0,0.019,23,126,0.0
43.5,0.019,23,126,0.0
44.0,0.019,24,125,0.0
44.5,0.016,24,124,0.0
45.0,0.016,24,124,1.2000000000000002
45.5,0.016,25,125,1.2000000000000002
46.0,0.016,25,124,1.2000000000000002
46.5,0.018,25,123,0.6000000000000001
47.0,0.016,26,123,0.6000000000000001
47.5,0.016,26,122,0.6000000000000001
48.0,0.019,27,122,0.6000000000000001
48.5,0.018,27,122,1.2000000000000002
49.0,0.018,27,122,1.2000000000000002
49.5,0.016,28,122,1.2000000000000002
50.0,0.018,28,122,1.2000000000000002
50.5,0.019,28,122,1.2000000000000002
51.0,0.016,29,121,0.6000000000000001
51.5,0.019,29,121,0.6000000000000001
52.0,0.016,29,120,0.6000000000000001
52.5,0.018,30,120,1.2000000000000002
53.0,0.018,30,120,0.6000000000000001
53.5,0.018,31,120,1.2000000000000002
54.0,0.019,31,119,1.2000000000000002
54.5,0.018,31,119,1.2000000000000002
55.0,0.016,32,119,0.6000000000000001
55.5,0.018,32,119,0.0
56.0,0.016,32,119,0.0
56.5,0.016,33,119,0.0
57.0,0.016,33,119,0.6000000000000001
57.5,0.015,33,118,0.0
58.0,0.016,34,118,0.0
58.5,0.015,34,118,0.0
59.0,0.019,34,118,0.0
59.5,0.018,35,118,0.0
60.0,0.016,35,117,0.0
60.5,0.018,36,116,0.0
61.0,0.016,36,116,0.0
61.5,0.016,36,115,0.0
62.0,0.018,37,114,0.0
62.5,0.016,37,114,0.0
63.0,0.016,37,114,0.0
63.5,0.018,38,113,0.0
64.0,0.015,38,114,0.0
64.5,0.018,38,114,0.0
65.0,0.018,39,113,0.0
65.5,0.019,39,113,0.0
66.0,0.018,39,112,0.0
66.5,0.018,40,113,0.0
67.0,0.019,40,113,0.0
67.5,0.019,40,113,0.0
68.0,0.019,41,114,0.0
68.5,0.019,41,114,0.0
69.0,0.018,41,114,0.0
69.5,0.018,42,114,0.0
70.0,0.018,42,113,0.0
70.5,0.018,42,113,0.0
71.0,0.018,43,112,0.0
71.5,0.018,43,112,0.0
72.0,0.019,44,112,0.6000000000000001
72.5,0.018,44,112,0.6000000000000001
73.0,0.018,45,111,0.0
73.5,0.016,45,110,0.0
74.0,0.018,45,110,0.0
74.5,0.018,46,110,0.0
75.0,0.018,46,109,0.0
75.5,0.018,46,109,0.6000000000000001
76.0,0.018,47,110,0.6000000000000001
76.5,0.016,47,109,0.6000000000000001
77.0,0.018,47,110,1.2000000000000002
77.5,0.018,48,110,1.2000000000000002
78.0,0.019,48,110,0.6000000000000001
78.5,0.018,48,109,0.6000000000000001
79.0,0.018,49,109,0.6000000000000001
79.5,0.019,49,109,0.6000000000000001
80.0,0.018,49,108,0.6000000000000001
80.5,0.016,50,108,0.6000000000000001
81.0,0.018,50,108,0.6000000000000001
81.5,0.018,50,108,0.6000000000000001
82.0,0.016,51,108,0.6000000000000001
82.5,0.019,51,108,0.6000000000000001
83.0,0.019,51,108,0.0
83.5,0.019,52,108,0.0
84.0,0.019,52,108,0.0
84.5,0.018,52,108,0.0
85.0,0.018,53,108,0.0
85.5,0.019,53,107,0.0
86.0,0.019,53,107,0.0
86.5,0.019,54,107,0.0
87.0,0.019,54,108,0.0
87.5,0.018,54,108,0.0
88.0,0.021,55,107,0.0
88.5,0.018,55,106,0.0
89.0,0.019,55,106,0.0
89.5,0.019,56,105,0.0
90.0,0.018,56,105,0.0
90.5,0.018,56,104,0.0
91.0,0.018,56,104,0.0
91.5,0.018,57,104,0.0
92.0,0.018,57,104,0.0
92.5,0.018,57,104,0.0
93.0,0.018,58,104,0.0
93.5,0.018,58,104,0.0
94.0,0.019,58,104,0.0
94.5,0.019,59,104,0.0
95.0,0.019,59,104,0.0
95.5,0.019,59,104,0.0
96.0,0.019,60,104,0.0
96.5,0.018,60,104,0.0
97.0,0.018,60,105,0.0
97.5,0.016,61,106,0.0
98.0,0.019,61,106,0.0
98.5,0.019,61,106,0.0
99.0,0.019,62,105,0.0
99.5,0.019,62,105,0.0
100.0,0.019,62,105,0.0
100.5,0.018,62,104,0.0
101.0,0.018,63,104,0.0
101.5,0.016,63,103,0.0
102.0,0.018,63,104,0.6000000000000001
102.5,0.019,64,104,0.6000000000000001
103.0,0.018,64,104,0.6000000000000001
103.5,0.019,64,104,0.6000000000000001
104.0,0.019,65,103,0.0
104.5,0.019,65,103,0.0
105.0,0.016,65,103,0.0
105.5,0.016,66,103,0.6000000000000001
106.0,0.016,66,103,0.6000000000000001
106.5,0.019,66,103,0.6000000000000001
107.0,0.019,67,103,0.6000000000000001
107.5,0.023,67,103,1.2000000000000002
108.0,0.019,67,103,1.2000000000000002
108.5,0.019,67,104,1.2000000000000002
109.0,0.018,68,104,0.6000000000000001
109.5,0.019,68,103,0.6000000000000001
110.0,0.018,68,103,0.6000000000000001
110.5,0.021,69,103,0.6000000000000001
111.0,0.018,69,103,0.6000000000000001
111.5,0.018,69,103,0.6000000000000001
112.0,0.018,70,103,0.6000000000000001
112.5,0.018,70,103,0.6000000000000001
113.0,0.018,70,103,0.6000000000000001
113.5,0.018,71,103,0.6000000000000001
114.0,0.015,71,103,0.0
114.5,0.018,71,103,0.0
115.0,0.021,71,103,0.0
115.5,0.021,72,103,0.0
116.0,0.021,72,103,0.0
116.5,0.021,72,103,0.6000000000000001
117.0,0.019,73,102,0.0
117.5,0.019,73,102,0.0
118.0,0.019,73,103,0.0
118.5,0.019,74,103,0.0
119.0,0.018,74,103,0.0
119.5,0.018,74,103,0.0
120.0,0.018,75,102,0.0
120.5,0.016,75,102,0.0
121.0,0.018,75,101,0.0
121.5,0.018,75,101,0.0
122.0,0.016,76,100,0.0
122.5,0.016,76,101,0.0
123.0,0.018,76,100,0.0
123.5,0.018,77,100,0.0
124.0,0.019,77,101,0.0
124.5,0.019,77,101,0.0
125.0,0.021,78,101,0.0
125.5,0.019,78,100,0.0
126.0,0.021,78,101,0.0
126.5,0.021,78,100,0.0
127.0,0.021,79,101,0.0
127.5,0.021,79,101,0.0
128.0,0.019,79,101,0.0
128.5,0.019,80,102,0.0
129.0,0.019,80,102,0.0
129.5,0.018,80,102,0.0
130.0,0.019,81,103,0.0
130.5,0.018,81,103,0.0
131.0,0.018,81,102,0.0
131.5,0.016,82,102,0.0
132.0,0.018,82,102,0.0
132.5,0.018,82,101,0.0
133.0,0.019,83,101,0.0
133.5,0.018,83,101,0.0
134.0,0.018,83,101,0.6000000000000001
134.5,0.019,83,102,0.6000000000000001
135.0,0.018,84,102,0.6000000000000001
135.5,0.018,84,101,0.0
136.0,0.021,84,101,0.0
136.5,0.021,85,101,0.0
137.0,0.019,85,100,0.0
137.5,0.019,85,100,0.0
138.0,0.018,86,100,0.6000000000000001
138.5,0.016,86,101,0.6000000000000001
139.0,0.018,86,101,1.2000000000000002
139.5,0.016,86,101,1.2000000000000002
140.0,0.018,87,101,1.2000000000000002
140.5,0.019,87,101,1.2000000000000002
141.0,0.021,87,101,0.6000000000000001
141.5,0.021,88,101,0.6000000000000001
142.0,0.021,88,100,0.6000000000000001
142.5,0.018,88,101,0.6000000000000001
143.0,0.019,89,101,1.2000000000000002
143.5,0.018,89,100,0.6000000000000001
144.0,0.016,89,100,0.6000000000000001
144.5,0.016,89,100,0.6000000000000001
145.0,0.019,90,101,0.6000000000000001
145.5,0.019,90,101,0.6000000000000001
146.0,0.019,90,102,0.0
146.5,0.021,91,101,0.0
147.0,0.021,91,101,0.0
147.5,0.019,91,101,0.0
148.0,0.018,92,101,0.0
148.5,0.019,92,101,0.6000000000000001
149.0,0.019,92,101,0.0
149.5,0.021,92,100,0.0
150.0,0.021,93,101,0.0
150.5,0.018,93,101,0.0
151.0,0.019,93,101,0.0
151.5,0.019,94,101,0.0
152.0,0.018,94,101,0.0
152.5,0.021,94,100,0.0
153.0,0.019,95,100,0.0
153.5,0.019,95,99,0.0
154.0,0.019,95,99,0.0
154.5,0.019,96,99,0.0
155.0,0.018,96,99,0.0
155.5,0.019,96,99,0.0
156.0,0.018,96,99,0.0
156.5,0.018,97,99,0.0
157.0,0.018,97,100,0.0
157.5,0.018,97,99,0.0
158.0,0.019,98,100,0.0
158.5,0.019,98,100,0.0
159.0,0.021,98,100,0.0
159.5,0.021,99,100,0.0
160.0,0.019,99,100,0.0
160.5,0.019,99,100,0.0
161.0,0.018,99,101,0.0
161.5,0.018,100,102,0.0
162.0,0.021,100,102,0.0
162.5,0.021,100,102,0.0
163.0,0.023,101,101,0.0
163.5,0.021,101,101,0.0
164.0,0.019,101,101,0.0
164.5,0.018,102,101,0.0
165.0,0.019,102,100,0.0
165.5,0.016,102,100,0.0
166.0,0.018,102,100,0.6000000000000001
166.5,0.018,103,101,0.6000000000000001
167.0,0.021,103,101,0.6000000000000001
167.5,0.019,103,100,0.6000000000000001
168.0,0.019,104,100,0.0
168.5,0.019,104,100,0.0
169.0,0.019,105,99,0.0
169.5,0.018,105,99,0.6000000000000001
170.0,0.018,105,100,0.6000000000000001
170.5,0.018,106,100,0.6000000000000001
171.0,0.019,106,100,1.2000000000000002
171.5,0.021,106,100,1.2000000000000002
172.0,0.021,106,101,1.2000000000000002
172.5,0.019,107,101,1.2000000000000002
173.0,0.018,107,101,0.6000000000000001
173.5,0.018,107,100,0.6000000000000001
174.0,0.019,108,100,0.6000000000000001
174.5,0.021,108,100,0.6000000000000001
175.0,0.021,108,101,1.2000000000000002
175.5,0.019,109,100,0.6000000000000001
176.0,0.019,109,100,0.6000000000000001
176.5,0.019,109,100,0.6000000000000001
177.0,0.021,109,100,0.6000000000000001
177.5,0.018,110,100,0.6000000000000001
178.0,0.018,110,101,0.0
178.5,0.019,110,101,0.0
179.0,0.021,111,101,0.0
179.5,0.021,111,101,0.0
180.0,0.023,111,100,0.0
180.5,0.021,112,100,0.6000000000000001
181.0,0.019,112,100,0.0
181.5,0.016,112,100,0.0
182.0,0.018,112,101,0.0
182.5,0.019,113,101,0.0
183.0,0.019,113,101,0.0
183.5,0.019,113,101,0.0
184.0,0.021,114,100,0.0
184.5,0.018,114,100,0.0
185.0,0.019,114,99,0.0
185.5,0.018,115,99,0.0
186.0,0.018,115,98,0.0
186.5,0.018,115,98,0.0
187.0,0.018,116,98,0.0
187.5,0.019,116,98,0.0
188.0,0.021,116,98,0.0
188.5,0.021,116,99,0.0
189.0,0.021,117,99,0.0
189.5,0.021,117,99,0.0
190.0,0.019,117,98,0.0
190.5,0.018,118,98,0.0
191.0,0.018,118,99,0.0
191.5,0.021,118,99,0.0
192.0,0.023,118,99,0.0
192.5,0.023,119,100,0.0
193.0,0.023,119,100,0.0
193.5,0.019,119,101,0.0
194.0,0.019,120,101,0.0
194.5,0.018,120,101,0.0
195.0,0.019,120,101,0.0
195.5,0.019,121,100,0.0
196.0,0.019,121,100,0.0
196.5,0.019,121,100,0.0
197.0,0.021,122,100,0.0
197.5,0.018,122,99,0.0
198.0,0.018,122,100,0.6000000000000001
198.5,0.019,122,100,0.6000000000000001
199.0,0.019,123,100,0.6000000000000001
199.5,0.018,123,100,0.6000000000000001
200.0,0.018,123,100,0.0
200.5,0.018,124,100,0.0
201.0,0.019,124,99,0.0
201.5,0.021,124,99,0.0
202.0,0.019,125,99,0.0
202.5,0.019,125,99,0.6000000000000001
203.0,0.018,125,100,0.6000000000000001
203.5,0.018,125,100,1.2000000000000002
204.0,0.018,126,100,1.2000000000000002
204.5,0.021,126,100,1.2000000000000002
205.0,0.021,126,100,1.2000000000000002
205.5,0.021,127,100,0.6000000000000001
206.0,0.021,127,100,0.6000000000000001
206.5,0.018,127,100,0.6000000000000001
207.0,0.016,127,100,0.6000000000000001
207.5,0.018,128,100,0.6000000000000001
208.0,0.019,128,100,0.6000000000000001
208.5,0.018,128,100,0.6000000000000001
209.0,0.018,129,99,0.6000000000000001
209.5,0.019,129,100,0.6000000000000001
210.0,0.018,129,100,0.6000000000000001
210.5,0.019,130,100,0.0
211.0,0.018,130,100,0.0
211.5,0.019,130,100,0.0
212.0,0.018,131,100,0.0
212.5,0.016,131,101,0.0
213.0,0.018,131,100,0.0
213.5,0.021,131,100,0.0
214.0,0.019,132,100,0.0
214.5,0.019,132,100,0.0
215.0,0.018,132,101,0.0
215.5,0.019,133,101,0.0
216.0,0.018,133,100,0.0
216.5,0.019,133,100,0.0
217.0,0.019,134,99,0.0
217.5,0.019,134,99,0.0
218.0,0.019,134,98,0.0
218.5,0.018,134,98,0.0
219.0,0.018,135,98,0.0
219.5,0.019,135,98,0.0
220.0,0.018,135,98,0.0
220.5,0.019,136,98,0.0
221.0,0.018,136,99,0.0
221.5,0.019,136,99,0.0
222.0,0.018,136,99,0.0
222.5,0.021,137,98,0.0
223.0,0.018,137,99,0.0
223.5,0.019,137,98,0.0
224.0,0.019,138,99,0.0
224.5,0.019,138,100,0.0
225.0,0.018,138,99,0.0
225.5,0.021,139,100,0.0
226.0,0.018,139,101,0.0
226.5,0.019,139,101,0.0
227.0,0.018,140,101,0.0
227.5,0.019,140,101,0.0
228.0,0.018,140,100,0.0
228.5,0.019,140,100,0.0
229.0,0.019,141,100,0.0
229.5,0.019,141,100,0.0
230.0,0.018,141,99,0.0
230.5,0.019,142,100,0.6000000000000001
231.0,0.018,142,100,0.6000000000000001
231.5,0.019,142,100,0.6000000000000001
232.0,0.019,143,100,0.6000000000000001
232.5,0.018,143,100,0.0
233.0,0.019,143,99,0.0
233.5,0.019,143,99,0.0
234.0,0.016,144,99,0.0
234.5,0.019,144,99,0.6000000000000001
235.0,0.021,144,99,0.6000000000000001
235.5,0.026,145,99,0.6000000000000001
236.0,0.026,145,100,1.2000000000000002
236.5,0.026,145,100,1.2000000000000002
237.0,0.023,146,100,1.2000000000000002
237.5,0.021,146,100,1.2000000000000002
238.0,0.018,146,100,0.6000000000000001
238.5,0.019,146,100,0.6000000000000001
239.0,0.018,147,100,0.6000000000000001
239.5,0.019,147,100,0.6000000000000001
240.0,0.019,147,100,0.6000000000000001
240.5,0.019,148,100,0.6000000000000001
241.0,0.019,148,100,0.6000000000000001
241.5,0.019,148,99,0.6000000000000001
242.0,0.018,149,99,0.6000000000000001
242.5,0.019,149,100,0.6000000000000001
243.0,0.018,149,100,0.0
243.5,0.019,149,100,0.0
244.0,0.019,150,100,0.0
244.5,0.019,150,101,0.0
245.0,0.016,150,101,0.0
245.5,0.018,151,100,0.0
246.0,0.016,151,100,0.0
246.5,0.016,151,100,0.0
247.0,0.018,152,100,0.0
247.5,0.019,152,101,0.0
248.0,0.021,152,101,0.0
248.5,0.024,152,101,0.0
249.0,0.023,153,100,0.0
249.5,0.021,153,99,0.0
250.0,0.021,153,99,0.0
250.5,0.019,154,98,0.0
251.0,0.019,154,98,0.0
251.5,0.018,154,98,0.0
252.0,0.016,155,98,0.0
252.5,0.019,155,98,0.0
253.0,0.021,155,98,0.0
253.5,0.019,155,98,0.0
254.0,0.021,156,98,0.0
254.5,0.018,156,99,0.0
255.0,0.018,156,98,0.0
255.5,0.018,157,98,0.0
256.0,0.019,157,99,0.0
256.5,0.019,157,99,0.0
257.0,0.019,158,99,0.0
257.5,0.019,158,99,0.0
258.0,0.019,158,100,0.0
258.5,0.019,158,101,0.0
259.0,0.019,159,101,0.0
259.5,0.019,159,101,0.0
260.0,0.021,159,101,0.0
260.5,0.018,160,100,0.0
261.0,0.021,160,100,0.0
261.5,0.019,160,100,0.0
262.0,0.021,161,100,0.0
262.5,0.019,161,99,0.0
263.0,0.021,161,99,0.6000000000000001
263.5,0.018,161,100,0.6000000000000001
264.0,0.019,162,100,0.6000000000000001
264.5,0.018,162,100,0.6000000000000001
265.0,0.021,162,100,0.0
265.5,0.019,163,99,0.0
266.0,0.019,163,99,0.0
266.5,0.018,163,99,0.0
267.0,0.021,164,99,0.0
267.5,0.018,164,99,0.6000000000000001
268.0,0.019,164,99,0.6000000000000001
268.5,0.019,164,100,0.6000000000000001
269.0,0.023,165,100,1.2000000000000002
269.5,0.019,165,100,1.2000000000000002
270.0,0.024,165,100,1.2000000000000002
270.5,0.021,166,100,1.2000000000000002
271.0,0.019,166,99,0.6000000000000001
271.5,0.021,166,99,0.6000000000000001
272.0,0.023,167,99,0.6000000000000001
272.5,0.019,167,99,0.6000000000000001
273.0,0.019,167,99,1.2000000000000002
273.5,0.019,167,99,0.6000000000000001
274.0,0.021,168,99,0.6000000000000001
274.5,0.018,168,99,0.6000000000000001
275.0,0.023,168,99,0.6000000000000001
275.5,0.018,169,100,0.6000000000000001
276.0,0.019,169,100,0.0
276.5,0.019,169,100,0.0
277.0,0.019,170,100,0.0
277.5,0.019,170,100,0.0
278.0,0.023,170,100,0.0
278.5,0.021,170,100,0.6000000000000001
279.0,0.019,171,100,0.0
279.5,0.021,171,100,0.0
280.0,0.019,171,100,0.0
280.5,0.018,172,101,0.0
281.0,0.019,172,100,0.0
281.5,0.019,172,100,0.0
282.0,0.019,173,99,0.0
282.5,0.021,173,99,0.0
283.0,0.019,173,99,0.0
283.5,0.018,173,98,0.0
284.0,0.018,174,98,0.0
284.5,0.021,174,98,0.0
285.0,0.019,174,98,0.0
285.5,0.019,175,98,0.0
286.0,0.018,175,98,0.0
286.5,0.018,175,98,0.0
287.0,0.016,175,98,0.0
287.5,0.021,176,98,0.0
288.0,0.021,176,98,0.0
288.5,0.023,176,98,0.0
289.0,0.021,177,99,0.0
289.5,0.018,177,99,0.0
290.0,0.018,177,99,0.0
290.5,0.019,178,100,0.0
291.0,0.019,178,100,0.0
291.5,0.021,178,100,0.0
292.0,0.019,179,101,0.0
292.5,0.018,179,101,0.0
293.0,0.018,179,100,0.0
293.5,0.019,179,100,0.0
294.0,0.016,180,100,0.0
294.5,0.018,180,100,0.0
295.0,0.018,180,99,0.0
295.5,0.019,181,99,0.0
296.0,0.021,181,99,0.6000000000000001
296.5,0.019,181,100,1.2000000000000002
297.0,0.019,181,100,0.6000000000000001
297.5,0.019,182,100,0.6000000000000001
298.0,0.019,182,100,0.6000000000000001
298.5,0.018,182,99,0.0
299.0,0.016,183,99,0.0
299.5,0.016,183,99,0.0
300.0,0.018,183,99,0.6000000000000001
300.5,0.021,184,99,0.6000000000000001
301.0,0.023,184,99,0.6000000000000001
301.5,0.023,184,99,1.2000000000000002
302.0,0.019,185,99,1.2000000000000002
302.5,0.019,185,100,1.2000000000000002
303.0,0.018,185,100,1.2000000000000002
303.5,0.019,185,100,0.6000000000000001
304.0,0.018,186,99,0.6000000000000001
304.5,0.018,186,99,0.6000000000000001
305.0,0.018,186,99,0.6000000000000001
305.5,0.021,187,99,1.2000000000000002
306.0,0.018,187,99,0.6000000000000001
306.5,0.021,187,99,0.6000000000000001
307.0,0.018,187,99,1.2000000000000002
307.5,0.019,188,99,0.6000000000000001
308.0,0.021,188,99,0.6000000000000001
308.5,0.019,188,100,0.6000000000000001
309.0,0.018,189,100,0.0
309.5,0.021,189,100,0.0
310.0,0.019,189,100,0.0
310.5,0.019,190,100,0.0
311.0,0.019,190,100,0.6000000000000001
311.5,0.018,190,100,0.0
312.0,0.015,190,100,0.0
312.5,0.021,191,100,0.0
313.0,0.021,191,101,0.0
313.5,0.021,191,101,0.0
314.0,0.021,192,100,0.0
314.5,0.021,192,100,0.0
315.0,0.018,192,99,0.0
315.5,0.018,193,99,0.0
316.0,0.018,193,98,0.0
316.5,0.016,193,98,0.0
317.0,0.018,194,98,0.0
317.5,0.018,194,98,0.0
318.0,0.018,194,98,0.0
318.5,0.019,194,98,0.0
319.0,0.023,195,98,0.0
319.5,0.019,195,99,0.0
320.0,0.018,195,98,0.0
320.5,0.018,196,98,0.0
321.0,0.016,196,99,0.0
321.5,0.018,196,98,0.0
322.0,0.023,196,99,0.0
322.5,0.023,197,100,0.0
323.0,0.021,197,99,0.0
323.5,0.019,197,100,0.0
324.0,0.019,198,101,0.0
324.5,0.018,198,101,0.0
325.0,0.019,198,101,0.0
325.5,0.016,199,101,0.0
326.0,0.019,199,100,0.0
326.5,0.018,199,100,0.0
327.0,0.018,199,100,0.0
327.5,0.018,200,100,0.0
328.0,0.018,200,99,0.0
328.5,0.016,200,99,0.0
329.0,0.018,201,100,0.6000000000000001
329.5,0.018,201,100,0.6000000000000001
330.0,0.018,201,100,0.6000000000000001
330.5,0.018,202,100,0.0
331.0,0.019,202,99,0.0
331.5,0.019,202,99,0.0
332.0,0.019,203,99,0.0
332.5,0.019,203,99,0.0
333.0,0.018,203,99,0.6000000000000001
333.5,0.016,203,99,0.6000000000000001
334.0,0.016,204,99,0.6000000000000001
334.5,0.019,204,99,1.2000000000000002
335.0,0.021,204,100,1.2000000000000002
335.5,0.019,205,100,1.2000000000000002
336.0,0.019,205,100,0.6000000000000001
336.5,0.016,205,100,0.6000000000000001
337.0,0.018,205,99,0.6000000000000001
337.5,0.016,206,99,0.6000000000000001
338.0,0.019,206,100,0.6000000000000001
338.5,0.018,206,100,1.2000000000000002
339.0,0.018,207,99,0.6000000000000001
339.5,0.016,207,100,0.6000000000000001
340.0,0.016,207,100,0.6000000000000001
340.5,0.018,208,100,0.6000000000000001
341.0,0.019,208,100,0.6000000000000001
341.5,0.019,208,100,0.0
342.0,0.018,209,100,0.0
342.5,0.018,209,100,0.0
343.0,0.018,209,100,0.0
343.5,0.018,209,100,0.0
344.0,0.018,210,100,0.0
344.5,0.018,210,100,0.0
345.0,0.019,210,100,0.0
345.5,0.018,211,100,0.0
346.0,0.018,211,101,0.0
346.5,0.016,211,100,0.0
347.0,0.016,212,100,0.0
347.5,0.018,212,99,0.0
348.0,0.016,212,99,0.0
348.5,0.016,212,99,0.0
349.0,0.018,213,98,0.0
349.5,0.015,213,98,0.0
350.0,0.016,213,98,0.0
350.5,0.016,214,98,0.0
351.0,0.016,214,98,0.0
351.5,0.016,214,99,0.0
352.0,0.018,214,99,0.0
352.5,0.018,215,99,0.0
353.0,0.016,215,99,0.0
353.5,0.019,215,99,0.0
354.0,0.018,216,98,0.0
354.5,0.019,216,98,0.0
355.0,0.019,216,100,0.0
355.5,0.019,217,100,0.0
356.0,0.019,217,100,0.0
356.5,0.019,217,100,0.0
357.0,0.018,218,101,0.0
357.5,0.018,218,101,0.0
358.0,0.019,218,101,0.0
358.5,0.018,218,101,0.0
359.0,0.018,219,100,0.0
359.5,0.019,219,100,0.0
360.0,0.018,219,100,0.0
360.5,0.016,220,99,0.0
361.0,0.016,220,99,0.0
361.5,0.018,220,100,0.6000000000000001
362.0,0.018,221,100,0.6000000000000001
362.5,0.019,221,100,0.6000000000000001
363.0,0.019,221,100,0.6000000000000001
363.5,0.019,221,99,0.0
364.0,0.018,222,99,0.0
364.5,0.018,222,99,0.0
365.0,0.016,222,99,0.0
365.5,0.016,223,99,0.6000000000000001
366.0,0.016,223,99,0.6000000000000001
366.5,0.023,223,100,0.6000000000000001
367.0,0.023,224,100,1.2000000000000002
367.5,0.024,224,100,1.2000000000000002
368.0,0.023,224,100,1.2000000000000002
368.5,0.019,224,100,0.6000000000000001
369.0,0.018,225,99,0.6000000000000001
369.5,0.018,225,99,0.6000000000000001
370.0,0.019,225,99,0.6000000000000001
370.5,0.021,226,99,0.6000000000000001
371.0,0.018,226,99,1.2000000000000002
371.5,0.019,226,99,0.6000000000000001
372.0,0.018,227,99,0.6000000000000001
372.5,0.019,227,99,0.6000000000000001
373.0,0.018,227,99,0.6000000000000001
373.5,0.019,227,99,0.6000000000000001
374.0,0.018,228,100,0.0
374.5,0.019,228,100,0.0
375.0,0.021,228,100,0.0
375.5,0.023,229,100,0.0
376.0,0.021,229,100,0.0
376.5,0.019,229,100,0.6000000000000001
377.0,0.016,229,100,0.0
377.5,0.018,230,100,0.0
378.0,0.018,230,100,0.0
378.5,0.021,230,101,0.0
379.0,0.021,231,100,0.0
379.5,0.021,231,100,0.0
380.0,0.018,231,99,0.0
380.5,0.018,232,99,0.0
381.0,0.018,232,99,0.0
381.5,0.018,232,98,0.0
382.0,0.019,233,98,0.0
382.5,0.018,233,98,0.0
383.0,0.018,233,98,0.0
383.5,0.021,233,98,0.0
384.0,0.023,234,98,0.0
384.5,0.021,234,98,0.0
385.0,0.021,234,98,0.0
385.5,0.019,235,98,0.0
386.0,0.016,235,98,0.0
386.5,0.016,235,98,0.0
387.0,0.021,235,99,0.0
387.5,0.023,236,99,0.0
388.0,0.023,236,99,0.0
388.5,0.023,236,100,0.0
389.0,0.019,237,100,0.0
389.5,0.019,237,101,0.0
390.0,0.021,237,101,0.0
390.5,0.019,238,101,0.0
391.0,0.021,238,100,0.0
391.5,0.018,238,100,0.0
392.0,0.019,238,100,0.0
392.5,0.019,239,100,0.0
393.0,0.021,239,100,0.0
393.5,0.019,239,99,0.0
394.0,0.021,240,99,0.6000000000000001
394.5,0.019,240,100,0.6000000000000001
395.0,0.018,240,100,0.6000000000000001
395.5,0.018,241,100,0.6000000000000001
396.0,0.019,241,100,0.0
396.5,0.021,241,99,0.0
397.0,0.021,242,99,0.0
397.5,0.021,242,99,0.0
398.0,0.019,242,99,0.6000000000000001
398.5,0.019,242,99,0.6000000000000001
399.0,0.019,243,100,0.6000000000000001
399.5,0.021,243,100,1.2000000000000002
400.0,0.021,243,100,1.2000000000000002
400.5,0.021,244,100,1.2000000000000002
401.0,0.019,244,100,1.2000000000000002
401.5,0.018,244,100,0.6000000000000001
402.0,0.018,244,100,0.6000000000000001
402.5,0.018,245,100,0.6000000000000001
403.0,0.021,245,100,0.6000000000000001
403.5,0.021,245,100,1.2000000000000002
404.0,0.021,246,100,0.6000000000000001
404.5,0.021,246,99,0.6000000000000001
405.0,0.018,246,100,0.6000000000000001
405.5,0.019,247,100,0.6000000000000001
406.0,0.023,247,100,0.6000000000000001
406.5,0.023,247,100,0.0
407.0,0.023,248,100,0.0
407.5,0.021,248,100,0.0
408.0,0.019,248,100,0.0
408.5,0.016,248,100,0.0
409.0,0.021,249,100,0.6000000000000001
409.5,0.021,249,100,0.0
410.0,0.023,249,100,0.0
410.5,0.023,250,100,0.0
411.0,0.021,250,101,0.0
411.5,0.021,250,101,0.0
412.0,0.021,251,100,0.0
412.5,0.019,251,100,0.0
413.0,0.019,251,99,0.0
413.5,0.018,251,99,0.0
414.0,0.019,252,99,0.0
414.5,0.019,252,98,0.0
415.0,0.023,252,98,0.0
415.5,0.023,253,98,0.0
416.0,0.023,253,98,0.0
416.5,0.021,253,98,0.0
417.0,0.019,253,99,0.0
417.5,0.019,254,99,0.0
418.0,0.023,254,98,0.0
418.5,0.023,254,98,0.0
419.0,0.024,255,98,0.0
419.5,0.023,255,98,0.0
420.0,0.021,255,99,0.0
420.5,0.021,256,100,0.0
421.0,0.021,256,99,0.0
421.5,0.021,256,100,0.0
422.0,0.023,257,101,0.0
422.5,0.023,257,101,0.0
423.0,0.023,257,101,0.0
423.5,0.023,257,101,0.0
424.0,0.021,258,100,0.0
424.5,0.021,258,100,0.0
425.0,0.021,258,100,0.0
425.5,0.021,259,100,0.0
426.0,0.021,259,99,0.0
426.5,0.021,259,100,0.6000000000000001
427.0,0.024,260,100,0.6000000000000001
427.5,0.024,260,100,0.6000000000000001
428.0,0.024,260,100,0.6000000000000001
428.5,0.023,260,100,0.6000000000000001
429.0,0.021,261,99,0.0
429.5,0.019,261,99,0.0
430.0,0.021,261,99,0.0
430.5,0.019,262,99,0.0
431.0,0.023,262,99,0.6000000000000001
431.5,0.021,262,99,0.6000000000000001
432.0,0.023,263,99,1.2000000000000002
432.5,0.023,263,100,1.2000000000000002
433.0,0.024,263,100,1.2000000000000002
433.5,0.023,263,100,1.2000000000000002
434.0,0.021,264,100,0.6000000000000001
434.5,0.021,264,100,0.6000000000000001
435.0,0.019,264,100,0.6000000000000001
435.5,0.021,265,100,0.6000000000000001
436.0,0.024,265,99,1.2000000000000002
436.5,0.021,265,100,1.2000000000000002
437.0,0.021,266,99,0.6000000000000001
437.5,0.021,266,99,0.6000000000000001
438.0,0.021,266,100,0.6000000000000001
438.5,0.023,266,100,0.6000000000000001
439.0,0.023,267,100,0.0
439.5,0.023,267,100,0.0
440.0,0.021,267,100,0.0
440.5,0.023,268,100,0.0
441.0,0.023,268,100,0.0
441.5,0.023,268,100,0.0
442.0,0.021,269,100,0.0
442.5,0.021,269,100,0.0
443.0,0.019,269,100,0.0
443.5,0.023,269,100,0.0
444.0,0.023,270,101,0.0
444.5,0.024,270,100,0.0
445.0,0.023,270,100,0.0
445.5,0.024,271,99,0.0
446.0,0.023,271,99,0.0
446.5,0.024,271,98,0.0
447.0,0.021,272,98,0.0
447.5,0.019,272,98,0.0
448.0,0.018,272,98,0.0
448.5,0.021,272,98,0.0
449.0,0.019,273,98,0.0
449.5,0.024,273,98,0.0
450.0,0.021,273,99,0.0
450.5,0.021,274,98,0.0
451.0,0.023,274,98,0.0
451.5,0.023,274,99,0.0
452.0,0.021,274,98,0.0
452.5,0.021,275,99,0.0
453.0,0.023,275,99,0.0
453.5,0.021,275,99,0.0
454.0,0.023,276,100,0.0
454.5,0.024,276,101,0.0
455.0,0.023,276,101,0.0
455.5,0.023,277,101,0.0
456.0,0.023,277,101,0.0
456.5,0.021,277,100,0.0
457.0,0.023,277,100,0.0
457.5,0.024,278,100,0.0
458.0,0.021,278,100,0.0
458.5,0.021,278,99,0.0
459.0,0.021,279,99,0.6000000000000001
459.5,0.019,279,100,0.6000000000000001
460.0,0.021,279,100,0.6000000000000001
460.5,0.023,280,100,0.6000000000000001
461.0,0.021,280,100,0.0
461.5,0.023,280,100,0.0
462.0,0.024,281,99,0.0
462.5,0.021,281,99,0.0
463.0,0.021,281,99,0.0
463.5,0.023,281,99,0.6000000000000001
464.0,0.021,282,99,0.6000000000000001
464.5,0.021,282,100,0.6000000000000001
465.0,0.023,282,100,1.2000000000000002
465.5,0.021,283,100,1.2000000000000002
466.0,0.024,283,100,1.2000000000000002
466.5,0.026,283,100,0.6000000000000001
467.0,0.023,284,100,0.6000000000000001
467.5,0.021,284,100,0.6000000000000001
468.0,0.019,284,100,0.6000000000000001
468.5,0.018,284,100,0.6000000000000001
469.0,0.021,285,100,1.2000000000000002
469.5,0.023,285,99,0.6000000000000001
470.0,0.023,285,99,0.6000000000000001
470.5,0.023,286,100,0.6000000000000001
471.0,0.021,286,100,0.6000000000000001
471.5,0.024,289,100,0.0
472.0,0.023,289,101,0.0
472.5,0.021,290,100,0.0
473.0,0.021,290,100,0.0
473.5,0.023,290,99,0.0
474.0,0.021,290,99,0.0
474.5,0.019,291,98,0.0
475.0,0.019,291,98,0.0
475.5,0.021,291,98,0.0
476.0,0.019,292,98,0.0
476.5,0.021,292,98,0.0
477.0,0.023,292,98,0.0
477.5,0.021,293,98,0.0
478.0,0.024,293,99,0.0
478.5,0.024,293,99,0.0
479.0,0.024,293,98,0.0
479.5,0.024,294,98,0.0
480.0,0.026,294,98,0.0
480.5,0.023,294,99,0.0
481.0,0.021,295,99,0.0
481.5,0.023,295,99,0.0
482.0,0.019,295,100,0.0
482.5,0.023,296,100,0.0
483.0,0.023,296,101,0.0
483.5,0.026,296,101,0.0
484.0,0.023,296,101,0.0
484.5,0.021,297,100,0.0
485.0,0.019,297,100,0.0
485.5,0.019,297,100,0.0
486.0,0.019,298,100,0.0
486.5,0.019,298,99,0.0
487.0,0.023,298,99,0.0
487.5,0.024,299,100,0.6000000000000001
488.0,0.023,299,100,0.6000000000000001
488.5,0.023,299,100,0.6000000000000001
489.0,0.021,299,100,0.6000000000000001
489.5,0.021,300,100,0.0
490.0,0.019,300,99,0.0
490.5,0.019,300,99,0.0
491.0,0.021,301,99,0.0
491.5,0.023,301,99,0.0
492.0,0.024,301,100,0.6000000000000001
492.5,0.026,302,100,0.6000000000000001
493.0,0.023,302,100,1.2000000000000002
493.5,0.021,302,100,1.2000000000000002
494.0,0.019,302,100,1.2000000000000002
494.5,0.019,303,100,1.2000000000000002
495.0,0.019,303,100,0.6000000000000001
495.5,0.021,303,100,0.6000000000000001
496.0,0.024,304,100,0.0
496.5,0.023,304,100,0.6000000000000001
497.0,0.021,304,100,1.2000000000000002
497.5,0.019,305,100,0.6000000000000001
498.0,0.018,305,99,0.0
498.5,0.018,305,100,0.6000000000000001
499.0,0.021,306,100,0.6000000000000001
499.5,0.023,306,100,0.0
500.0,0.024,306,100,0.0
500.5,0.024,306,100,0.0
501.0,0.023,307,100,0.0
501.5,0.021,307,100,0.0
502.0,0.021,307,100,0.0
502.5,0.019,308,100,0.6000000000000001
503.0,0.019,308,100,0.0
503.5,0.021,308,100,0.0
504.0,0.023,308,100,0.0
504.5,0.023,309,101,0.0
505.0,0.024,309,101,0.0
505.5,0.023,309,100,0.0
506.0,0.021,310,99,0.0
506.5,0.019,310,99,0.0
507.0,0.019,310,99,0.0
507.5,0.018,311,98,0.0
508.0,0.018,311,98,0.0
508.5,0.019,311,98,0.0
509.0,0.021,311,98,0.0
509.5,0.021,312,98,0.0
510.0,0.023,312,98,0.0
510.5,0.021,312,99,0.0
511.0,0.023,313,99,0.0
511.5,0.023,313,98,0.0
512.0,0.023,313,98,0.0
512.5,0.023,314,98,0.0
513.0,0.023,314,99,0.0
513.5,0.023,314,99,0.0
514.0,0.023,314,99,0.0
514.5,0.023,315,99,0.0
515.0,0.021,315,100,0.0
515.5,0.019,315,101,0.0
516.0,0.019,316,101,0.0
516.5,0.019,316,101,0.0
517.0,0.021,316,100,0.0
517.5,0.021,317,100,0.0
518.0,0.021,317,100,0.0
518.5,0.021,317,100,0.0
519.0,0.023,317,99,0.0
519.5,0.019,318,99,0.0
520.0,0.019,318,99,0.6000000000000001
520.5,0.019,318,100,0.6000000000000001
521.0,0.019,319,100,0.6000000000000001
521.5,0.019,319,100,0.6000000000000001
522.0,0.021,319,100,0.0
522.5,0.023,320,99,0.0
523.0,0.021,320,99,0.0
523.5,0.021,320,99,0.0
524.0,0.021,321,99,0.6000000000000001
524.5,0.021,321,99,0.6000000000000001
525.0,0.019,321,100,0.6000000000000001
525.5,0.021,321,99,1.2000000000000002
526.0,0.021,322,100,1.2000000000000002
526.5,0.024,322,100,1.2000000000000002
527.0,0.026,322,100,1.2000000000000002
527.5,0.023,323,100,0.6000000000000001
528.0,0.021,323,100,0.6000000000000001
528.5,0.021,323,100,0.6000000000000001
529.0,0.021,323,99,0.6000000000000001
529.5,0.021,324,100,1.2000000000000002
530.0,0.019,324,100,0.6000000000000001
530.5,0.021,324,99,0.6000000000000001
531.0,0.019,325,100,0.6000000000000001
531.5,0.021,325,100,0.6000000000000001
532.0,0.023,325,100,0.6000000000000001
532.5,0.023,326,100,0.0
533.0,0.023,326,100,0.0
533.5,0.021,326,100,0.0
534.0,0.021,326,100,0.0
534.5,0.021,327,100,0.0
535.0,0.021,327,100,0.6000000000000001
535.5,0.024,327,100,0.0
536.0,0.023,328,100,0.0
536.5,0.023,328,100,0.0
537.0,0.021,328,100,0.0
537.5,0.023,329,101,0.0
538.0,0.024,329,100,0.0
538.5,0.024,329,100,0.0
539.0,0.023,330,99,0.0
539.5,0.021,330,99,0.0
540.0,0.019,330,98,0.0
540.5,0.021,330,98,0.0
541.0,0.021,331,98,0.0
541.5,0.021,331,98,0.0
542.0,0.019,331,98,0.0
542.5,0.021,332,98,0.0
543.0,0.018,332,99,0.0
543.5,0.023,333,98,0.0
544.0,0.021,333,99,0.0
544.5,0.023,333,98,0.0
545.0,0.023,334,98,0.0
545.5,0.023,334,100,0.0
546.0,0.023,334,100,0.0
546.5,0.023,335,100,0.0
547.0,0.023,335,101,0.0
547.5,0.023,335,101,0.0
548.0,0.024,336,101,0.0
548.5,0.023,336,101,0.0
549.0,0.021,336,100,0.0
549.5,0.023,336,100,0.0
550.0,0.021,337,100,0.0
550.5,0.021,337,100,0.0
551.0,0.021,337,99,0.0
551.5,0.023,338,99,0.0
552.0,0.021,338,100,0.6000000000000001
552.5,0.023,338,100,0.6000000000000001
553.0,0.021,338,100,0.6000000000000001
553.5,0.021,339,100,0.6000000000000001
554.0,0.019,339,99,0.0
554.5,0.021,339,99,0.0
555.0,0.019,340,99,0.0
555.5,0.021,340,99,0.0
556.0,0.021,340,99,0.6000000000000001
556.5,0.023,341,100,0.6000000000000001
557.0,0.023,341,100,0.6000000000000001
557.5,0.024,341,100,1.2000000000000002
558.0,0.021,341,100,1.2000000000000002
558.5,0.023,342,100,1.2000000000000002
559.0,0.019,342,100,0.6000000000000001
559.5,0.023,342,100,0.6000000000000001
560.0,0.024,343,100,0.0
560.5,0.023,343,100,0.6000000000000001
561.0,0.021,343,100,0.6000000000000001
561.5,0.021,344,100,0.6000000000000001
562.0,0.019,344,100,0.6000000000000001
562.5,0.024,344,100,0.6000000000000001
563.0,0.021,345,100,0.6000000000000001
563.5,0.021,345,100,0.6000000000000001
564.0,0.023,345,100,0.0
564.5,0.023,345,100,0.0
565.0,0.021,346,100,0.0
565.5,0.023,346,100,0.0
566.0,0.023,346,100,0.0
566.5,0.021,347,100,0.0
567.0,0.019,347,100,0.0
567.5,0.019,347,100,0.0
568.0,0.021,347,100,0.0
568.5,0.021,348,100,0.0
569.0,0.023,348,101,0.0
569.5,0.019,348,100,0.0
570.0,0.021,349,100,0.0
570.5,0.021,349,99,0.0
571.0,0.021,349,99,0.0
571.5,0.019,350,99,0.0
572.0,0.021,350,98,0.0
572.5,0.018,350,98,0.0
573.0,0.021,350,98,0.0
573.5,0.023,351,98,0.0
574.0,0.023,351,98,0.0
574.5,0.021,351,98,0.0
575.0,0.023,352,99,0.0
575.5,0.021,352,99,0.0
576.0,0.021,352,98,0.0
576.5,0.023,353,98,0.0
577.0,0.023,353,98,0.0
577.5,0.021,353,99,0.0
578.0,0.023,354,100,0.0
578.5,0.021,354,100,0.0
579.0,0.021,354,100,0.0
579.5,0.023,354,101,0.0
580.0,0.021,355,101,0.0
580.5,0.021,355,101,0.0
581.0,0.023,355,101,0.0
581.5,0.019,356,101,0.0
582.0,0.021,356,101,0.0
582.5,0.021,356,100,0.0
583.0,0.021,356,100,0.0
583.5,0.019,357,99,0.0
584.0,0.021,357,99,0.0
584.5,0.019,357,100,0.6000000000000001
585.0,0.021,358,100,0.6000000000000001
585.5,0.019,358,100,0.6000000000000001
586.0,0.023,358,100,0.6000000000000001
586.5,0.021,359,100,0.0
587.0,0.023,359,99,0.0
587.5,0.021,359,99,0.0
588.0,0.023,360,99,0.0
588.5,0.021,360,99,0.6000000000000001
589.0,0.021,360,99,0.6000000000000001
589.5,0.021,360,100,1.2000000000000002
590.0,0.021,361,100,1.2000000000000002
590.5,0.021,361,100,1.2000000000000002
591.0,0.021,361,100,1.2000000000000002
591.5,0.019,362,100,1.2000000000000002
592.0,0.021,362,100,0.6000000000000001
592.5,0.019,362,100,0.6000000000000001
593.0,0.021,363,100,0.6000000000000001
593.5,0.019,363,100,0.6000000000000001
594.0,0.021,363,100,1.2000000000000002
594.5,0.021,363,99,0.6000000000000001
595.0,0.021,364,100,0.6000000000000001
595.5,0.021,364,99,0.6000000000000001
596.0,0.023,364,100,0.6000000000000001
596.5,0.019,365,100,0.6000000000000001
597.0,0.019,365,100,0.0
597.5,0.021,365,100,0.0
598.0,0.021,366,100,0.0
598.5,0.018,366,100,0.0
599.0,0.023,366,100,0.6000000000000001
599.5,0.019,366,100,0.6000000000000001
600.0,0.019,367,100,0.0
600.5,0.021,367,100,0.0
601.0,0.023,367,100,0.0
601.5,0.019,368,101,0.0
602.0,0.023,368,100,0.0
602.5,0.019,368,100,0.0
603.0,0.018,369,99,0.0
603.5,0.021,369,99,0.0
604.0,0.021,369,99,0.0
604.5,0.019,369,98,0.0
605.0,0.021,370,98,0.0
605.5,0.019,370,98,0.0
606.0,0.018,370,98,0.0
606.5,0.019,371,98,0.0
607.0,0.019,371,98,0.0
607.5,0.019,371,99,0.0
608.0,0.019,371,99,0.0
608.5,0.021,372,98,0.0
609.0,0.021,372,99,0.0
609.5,0.023,372,98,0.0
610.0,0.019,373,99,0.0
610.5,0.021,373,99,0.0
611.0,0.021,373,99,0.0
611.5,0.019,374,100,0.0
612.0,0.019,374,100,0.0
612.5,0.023,374,101,0.0
613.0,0.021,375,101,0.0
613.5,0.021,375,101,0.0
614.0,0.021,375,100,0.0
614.5,0.019,375,100,0.0
615.0,0.018,376,100,0.0
615.5,0.019,376,100,0.0
616.0,0.018,376,99,0.0
616.5,0.018,377,99,0.0
617.0,0.019,377,99,0.6000000000000001
617.5,0.018,377,100,1.2000000000000002
618.0,0.018,378,100,0.6000000000000001
618.5,0.018,378,100,0.6000000000000001
619.0,0.018,378,100,0.6000000000000001
619.5,0.018,378,99,0.6000000000000001
620.0,0.018,379,99,0.0
620.5,0.019,379,99,0.0
621.0,0.018,379,99,0.6000000000000001
621.5,0.019,380,99,0.6000000000000001
622.0,0.021,380,99,0.6000000000000001
622.5,0.019,380,99,1.2000000000000002
623.0,0.019,380,100,1.2000000000000002
623.5,0.018,381,100,1.2000000000000002
624.0,0.018,381,100,1.2000000000000002
624.5,0.019,381,100,1.2000000000000002
625.0,0.019,382,100,0.6000000000000001
625.5,0.019,382,99,0.6000000000000001
626.0,0.018,382,100,0.6000000000000001
626.5,0.019,383,100,1.2000000000000002
627.0,0.018,383,100,0.6000000000000001
627.5,0.021,383,99,0.6000000000000001
628.0,0.019,384,100,0.6000000000000001
628.5,0.019,384,100,0.6000000000000001
629.0,0.018,384,99,0.6000000000000001
629.5,0.018,384,100,0.0
630.0,0.018,385,100,0.0
630.5,0.021,385,100,0.0
631.0,0.018,385,100,0.0
631.5,0.019,386,100,0.0
632.0,0.018,386,100,0.6000000000000001
632.5,0.018,386,100,0.0
633.0,0.016,387,100,0.0
633.5,0.019,387,101,0.0
634.0,0.019,387,101,0.0
634.5,0.021,387,101,0.0
635.0,0.019,388,101,0.0
635.5,0.018,388,100,0.0
636.0,0.016,388,99,0.0
636.5,0.019,389,99,0.0
637.0,0.016,389,99,0.0
637.5,0.018,389,98,0.0
638.0,0.018,390,98,0.0
638.5,0.018,390,98,0.0
639.0,0.018,390,98,0.0
639.5,0.023,390,98,0.0
640.0,0.019,391,99,0.0
640.5,0.019,391,99,0.0
641.0,0.019,391,98,0.0
641.5,0.018,392,99,0.0
642.0,0.019,392,98,0.0
642.5,0.019,392,98,0.0
643.0,0.019,393,99,0.0
643.5,0.018,393,99,0.0
644.0,0.019,393,99,0.0
644.5,0.018,393,100,0.0
645.0,0.018,394,101,0.0
645.5,0.018,394,101,0.0
646.0,0.018,394,101,0.0
646.5,0.016,395,101,0.0
647.0,0.018,395,100,0.0
647.5,0.018,395,100,0.0
648.0,0.019,395,100,0.0
648.5,0.018,396,100,0.0
649.0,0.019,396,99,0.0
649.5,0.018,396,100,0.6000000000000001
650.0,0.018,397,100,0.6000000000000001
650.5,0.018,397,100,0.6000000000000001
651.0,0.019,397,100,0.6000000000000001
651.5,0.018,398,100,0.0
652.0,0.019,398,99,0.0
652.5,0.016,398,99,0.0
653.0,0.019,399,99,0.0
653.5,0.019,399,99,0.6000000000000001
654.0,0.019,399,99,0.6000000000000001
654.5,0.018,399,100,0.6000000000000001
655.0,0.018,400,100,1.2000000000000002
655.5,0.018,400,100,1.8
656.0,0.019,400,100,1.2000000000000002
656.5,0.019,401,100,1.2000000000000002
657.0,0.019,401,100,0.6000000000000001
657.5,0.016,401,100,0.6000000000000001
658.0,0.016,402,100,0.6000000000000001
658.5,0.016,402,100,0.6000000000000001
659.0,0.019,402,100,0.6000000000000001
659.5,0.019,402,100,0.6000000000000001
660.0,0.019,403,100,0.0
660.5,0.016,403,99,0.6000000000000001
661.0,0.019,403,100,0.6000000000000001
661.5,0.018,404,100,0.0
662.0,0.019,404,100,0.0
662.5,0.018,404,100,0.0
663.0,0.019,405,100,0.0
663.5,0.016,405,100,0.0
664.0,0.018,405,100,0.0
664.5,0.018,405,100,0.6000000000000001
665.0,0.021,406,100,0.0
665.5,0.019,406,100,0.0
666.0,0.019,406,100,0.0
666.5,0.018,407,101,0.0
667.0,0.018,407,101,0.0
667.5,0.018,407,101,0.0
668.0,0.023,408,100,0.0
668.5,0.018,408,99,0.0
669.0,0.018,408,99,0.0
669.5,0.018,409,98,0.0
670.0,0.018,409,98,0.0
670.5,0.018,409,98,0.0
671.0,0.019,409,98,0.0
671.5,0.018,410,98,0.0
672.0,0.019,410,98,0.0
672.5,0.018,410,99,0.0
673.0,0.019,411,99,0.0
673.5,0.019,411,99,0.0
674.0,0.019,411,98,0.0
674.5,0.018,411,99,0.0
675.0,0.018,412,98,0.0
675.5,0.018,412,98,0.0
676.0,0.019,412,99,0.0
676.5,0.018,413,100,0.0
677.0,0.019,413,100,0.0
677.5,0.021,413,101,0.0
678.0,0.021,414,101,0.0
678.5,0.019,414,101,0.0
679.0,0.018,414,100,0.0
679.5,0.019,415,100,0.0
680.0,0.018,415,100,0.0
680.5,0.019,415,100,0.0
681.0,0.018,416,99,0.0
681.5,0.016,416,99,0.6000000000000001
682.0,0.018,416,100,0.6000000000000001
682.5,0.018,417,100,0.6000000000000001
683.0,0.018,417,100,0.6000000000000001
683.5,0.018,417,100,0.0
684.0,0.018,417,99,0.0
684.5,0.018,418,99,0.0
685.0,0.019,418,99,0.0
685.5,0.019,418,99,0.0
686.0,0.019,419,99,0.6000000000000001
686.5,0.021,419,99,0.6000000000000001
687.0,0.019,419,100,1.2000000000000002
687.5,0.018,420,100,1.2000000000000002
688.0,0.019,420,100,1.2000000000000002
688.5,0.018,420,100,1.2000000000000002
689.0,0.019,420,100,0.6000000000000001
689.5,0.019,421,100,0.6000000000000001
690.0,0.019,421,100,0.6000000000000001
690.5,0.021,421,100,0.6000000000000001
691.0,0.018,422,100,0.6000000000000001
691.5,0.018,422,100,0.6000000000000001
692.0,0.018,422,100,0.6000000000000001
692.5,0.018,423,100,0.6000000000000001
693.0,0.019,423,100,0.6000000000000001
693.5,0.019,423,100,0.0
694.0,0.018,423,100,0.0
694.5,0.019,424,100,0.0
695.0,0.018,424,100,0.0
695.5,0.018,424,101,0.0
696.0,0.018,425,101,0.0
696.5,0.018,425,100,0.0
697.0,0.018,425,100,0.0
697.5,0.018,426,100,0.0
698.0,0.019,426,100,0.0
698.5,0.019,426,101,0.0
699.0,0.019,427,101,0.0
699.5,0.019,427,101,0.0
700.0,0.018,427,100,0.0
700.5,0.016,427,100,0.0
701.0,0.018,428,99,0.0
701.5,0.018,428,99,0.0
702.0,0.019,428,98,0.0
702.5,0.018,429,98,0.0
703.0,0.019,429,98,0.0
703.5,0.016,429,98,0.0
704.0,0.019,429,98,0.0
704.5,0.018,430,98,0.0
705.0,0.019,430,99,0.0
705.5,0.018,430,99,0.0
706.0,0.018,431,98,0.0
706.5,0.019,431,99,0.0
707.0,0.019,431,98,0.0
707.5,0.019,432,99,0.0
708.0,0.021,432,99,0.0
708.5,0.019,432,99,0.0
709.0,0.018,433,100,0.0
709.5,0.018,433,100,0.0
710.0,0.019,433,101,0.0
710.5,0.018,433,101,0.0
711.0,0.018,434,101,0.0
711.5,0.018,434,100,0.0
712.0,0.018,434,100,0.0
712.5,0.018,435,100,0.0
713.0,0.018,435,100,0.0
713.5,0.016,435,99,0.0
714.0,0.019,435,99,0.0
714.5,0.018,436,100,0.6000000000000001
715.0,0.018,436,100,0.6000000000000001
715.5,0.019,436,100,0.6000000000000001
716.0,0.019,437,100,0.0
716.5,0.018,437,99,0.0
717.0,0.019,437,99,0.0
717.5,0.018,438,99,0.0
718.0,0.018,438,99,0.0
718.5,0.018,438,99,0.0
719.0,0.018,438,99,0.0
719.5,0.018,439,99,0.6000000000000001
720.0,0.021,439,100,1.2000000000000002
720.5,0.019,439,100,1.2000000000000002
721.0,0.019,440,100,1.2000000000000002
721.5,0.019,440,100,0.6000000000000001
722.0,0.019,440,100,0.6000000000000001
722.5,0.018,441,100,0.6000000000000001
723.0,0.019,441,100,0.6000000000000001
723.5,0.018,441,100,1.2000000000000002
724.0,0.016,442,100,1.2000000000000002
724.5,0.019,442,100,0.6000000000000001
725.0,0.018,442,100,0.6000000000000001
725.5,0.019,442,100,0.6000000000000001
726.0,0.019,443,100,0.6000000000000001
726.5,0.019,443,100,0.0
727.0,0.018,443,100,0.0
727.5,0.018,444,100,0.0
728.0,0.016,444,100,0.0
728.5,0.018,444,101,0.0
729.0,0.019,445,100,0.0
729.5,0.019,445,100,0.0
730.0,0.019,445,100,0.0
730.5,0.021,445,100,0.0
731.0,0.018,446,100,0.0
731.5,0.018,446,101,0.0
732.0,0.018,446,100,0.0
732.5,0.021,447,100,0.0
733.0,0.018,447,99,0.0
733.5,0.019,447,99,0.0
734.0,0.019,448,99,0.0
734.5,0.018,448,98,0.0
735.0,0.018,448,98,0.0
735.5,0.019,448,98,0.0
736.0,0.016,449,98,0.0
736.5,0.019,449,98,0.0
737.0,0.018,449,98,0.0
737.5,0.019,450,98,0.0
738.0,0.018,450,99,0.0
738.5,0.021,450,98,0.0
739.0,0.019,450,98,0.0
739.5,0.021,451,98,0.0
740.0,0.019,451,99,0.0
740.5,0.018,451,100,0.0
741.0,0.018,452,99,0.0
741.5,0.021,452,100,0.0
742.0,0.019,452,101,0.0
742.5,0.021,453,101,0.0
743.0,0.019,453,101,0.0
743.5,0.021,453,101,0.0
744.0,0.019,453,100,0.0
744.5,0.019,454,100,0.0
745.0,0.018,454,100,0.0
745.5,0.018,454,100,0.0
746.0,0.019,455,99,0.0
746.5,0.019,455,99,0.0
747.0,0.019,455,100,0.6000000000000001
747.5,0.019,456,100,0.6000000000000001
748.0,0.016,456,100,0.6000000000000001
748.5,0.019,456,100,0.0
749.0,0.018,457,100,0.0
749.5,0.018,457,99,0.0
750.0,0.018,457,99,0.0
750.5,0.019,457,99,0.0
751.0,0.018,458,99,0.0
751.5,0.019,458,99,0.6000000000000001
752.0,0.019,458,99,0.6000000000000001
752.5,0.019,459,99,1.2000000000000002
753.0,0.019,459,100,1.2000000000000002
753.5,0.019,459,100,1.2000000000000002
754.0,0.019,459,100,0.6000000000000001
754.5,0.019,460,100,0.6000000000000001
755.0,0.021,460,100,0.6000000000000001
755.5,0.019,460,99,0.6000000000000001
756.0,0.019,461,99,0.6000000000000001
756.5,0.018,461,99,1.2000000000000002
757.0,0.018,461,100,0.6000000000000001
757.5,0.016,462,99,0.6000000000000001
758.0,0.018,462,100,0.6000000000000001
758.5,0.019,462,100,0.6000000000000001
759.0,0.019,462,99,0.6000000000000001
759.5,0.019,463,100,0.0
760.0,0.019,463,100,0.0
760.5,0.018,463,100,0.0
761.0,0.018,464,100,0.0
761.5,0.018,464,100,0.0
762.0,0.019,464,100,0.6000000000000001
762.5,0.019,465,100,0.0
763.0,0.018,465,100,0.0
763.5,0.018,465,100,0.0
764.0,0.019,466,100,0.0
764.5,0.019,466,100,0.0
765.0,0.019,466,100,0.0
765.5,0.019,466,100,0.0
766.0,0.018,467,99,0.0
766.5,0.019,467,99,0.0
767.0,0.019,467,98,0.0
767.5,0.019,468,98,0.0
768.0,0.019,468,98,0.0
768.5,0.019,468,98,0.0
769.0,0.019,468,98,0.0
769.5,0.018,469,98,0.0
770.0,0.019,469,98,0.0
770.5,0.019,469,99,0.0
771.0,0.021,470,98,0.0
771.5,0.021,470,98,0.0
772.0,0.021,470,98,0.0
772.5,0.019,471,98,0.0
773.0,0.019,471,99,0.0
773.5,0.021,471,99,0.0
774.0,0.019,472,99,0.0
774.5,0.019,472,100,0.0
775.0,0.019,472,101,0.0
775.5,0.019,472,101,0.0
776.0,0.018,473,101,0.0
776.5,0.019,473,101,0.0
777.0,0.019,473,100,0.0
777.5,0.019,474,100,0.0
778.0,0.018,474,100,0.0
778.5,0.019,474,100,0.0
779.0,0.019,474,99,0.0
779.5,0.018,475,99,0.6000000000000001
780.0,0.019,475,100,0.6000000000000001
780.5,0.019,475,100,0.6000000000000001
781.0,0.018,476,100,0.0
781.5,0.018,476,100,0.0
782.0,0.021,476,99,0.0
782.5,0.019,477,99,0.0
783.0,0.021,477,99,0.0
783.5,0.018,477,98,0.0
784.0,0.019,477,99,0.6000000000000001
784.5,0.018,478,99,0.6000000000000001
785.0,0.019,478,99,1.2000000000000002
785.5,0.019,478,99,1.2000000000000002
786.0,0.021,479,100,1.2000000000000002
786.5,0.019,479,100,1.2000000000000002
787.0,0.019,479,100,0.6000000000000001
787.5,0.019,480,100,0.6000000000000001
788.0,0.019,480,100,0.6000000000000001
788.5,0.019,480,100,0.6000000000000001
789.0,0.018,481,100,1.2000000000000002
789.5,0.019,481,100,0.6000000000000001
790.0,0.018,481,100,0.6000000000000001
790.5,0.018,481,100,0.6000000000000001
791.0,0.019,482,100,0.6000000000000001
791.5,0.019,482,100,0.6000000000000001
792.0,0.019,482,100,0.0
792.5,0.019,483,100,0.0
793.0,0.018,483,100,0.0
793.5,0.018,483,100,0.0
794.0,0.019,484,101,0.0
794.5,0.019,484,100,0.0
795.0,0.019,484,100,0.0
795.5,0.018,484,100,0.0
796.0,0.018,485,100,0.0
796.5,0.019,485,101,0.0
797.0,0.018,485,101,0.0
797.5,0.021,486,101,0.0
798.0,0.019,486,100,0.0
798.5,0.021,486,100,0.0
799.0,0.018,486,99,0.0
799.5,0.018,487,99,0.0
800.0,0.018,487,98,0.0
800.5,0.018,487,98,0.0
801.0,0.018,488,98,0.0
801.5,0.019,488,98,0.0
802.0,0.018,488,98,0.0
802.5,0.019,489,98,0.0
803.0,0.018,489,99,0.0
803.5,0.019,489,99,0.0
804.0,0.018,490,98,0.0
804.5,0.021,490,99,0.0
805.0,0.019,490,98,0.0
805.5,0.019,490,99,0.0
806.0,0.018,491,99,0.0
806.5,0.019,491,100,0.0
807.0,0.019,491,100,0.0
807.5,0.023,492,101,0.0
808.0,0.019,492,101,0.0
808.5,0.021,492,101,0.0
809.0,0.019,492,101,0.0
809.5,0.019,493,100,0.0
810.0,0.018,493,100,0.0
810.5,0.023,493,100,0.0
811.0,0.018,494,100,0.0
811.5,0.019,494,99,0.0
812.0,0.018,494,99,0.6000000000000001
812.5,0.018,495,100,0.6000000000000001
813.0,0.018,495,100,0.6000000000000001
813.5,0.021,495,100,0.6000000000000001
814.0,0.018,496,100,0.0
814.5,0.019,496,99,0.6000000000000001
815.0,0.018,496,99,0.0
815.5,0.018,496,99,0.0
816.0,0.018,497,99,0.0
816.5,0.019,497,99,0.6000000000000001
817.0,0.019,497,99,0.6000000000000001
817.5,0.018,498,100,0.6000000000000001
818.0,0.018,498,100,1.2000000000000002
818.5,0.018,498,100,1.2000000000000002
819.0,0.018,499,100,1.2000000000000002
819.5,0.019,499,100,0.6000000000000001
820.0,0.019,499,100,0.0
820.5,0.019,499,100,0.0
821.0,0.018,500,100,0.6000000000000001
821.5,0.018,500,100,0.6000000000000001
822.0,0.018,500,100,0.6000000000000001
822.5,0.019,501,99,0.6000000000000001
823.0,0.018,501,99,0.6000000000000001
823.5,0.019,501,99,0.6000000000000001
824.0,0.019,501,99,0.6000000000000001
824.5,0.018,502,100,0.0
825.0,0.018,502,100,0.0
825.5,0.021,502,100,0.0
826.0,0.019,503,100,0.0
826.5,0.018,503,100,0.0
827.0,0.018,503,100,0.0
827.5,0.016,504,100,0.0
828.0,0.018,504,100,0.0
828.5,0.019,504,100,0.0
829.0,0.018,505,100,0.0
829.5,0.018,505,101,0.0
830.0,0.019,505,101,0.0
830.5,0.016,505,100,0.0
831.0,0.018,506,100,0.0
831.5,0.018,506,99,0.0
832.0,0.018,506,99,0.0
832.5,0.018,507,98,0.0
833.0,0.018,507,98,0.0
833.5,0.016,507,98,0.0
834.0,0.019,507,98,0.0
834.5,0.016,508,98,0.0
835.0,0.019,508,98,0.0
835.5,0.019,508,98,0.0
836.0,0.019,509,99,0.0
836.5,0.016,509,98,0.0
837.0,0.018,509,99,0.0
837.5,0.018,510,98,0.0
838.0,0.019,510,99,0.0
838.5,0.018,510,99,0.0
839.0,0.019,511,99,0.0
839.5,0.018,511,100,0.0
840.0,0.018,511,101,0.0
840.5,0.018,511,101,0.0
841.0,0.019,512,101,0.0
841.5,0.018,512,101,0.0
842.0,0.019,512,100,0.0
842.5,0.018,513,100,0.0
843.0,0.018,513,100,0.0
843.5,0.018,513,100,0.0
844.0,0.018,514,99,0.0
844.5,0.016,514,99,0.0
845.0,0.019,514,100,0.6000000000000001
845.5,0.018,514,100,0.6000000000000001
846.0,0.021,515,100,0.6000000000000001
846.5,0.018,515,100,0.6000000000000001
847.0,0.019,515,100,0.0
847.5,0.018,516,99,0.0
848.0,0.019,516,99,0.0
848.5,0.018,516,99,0.0
849.0,0.019,516,99,0.6000000000000001
849.5,0.019,517,99,0.6000000000000001
850.0,0.018,517,99,0.6000000000000001
850.5,0.018,517,99,1.2000000000000002
851.0,0.019,518,100,1.2000000000000002
851.5,0.019,518,100,1.2000000000000002
852.0,0.019,518,100,1.2000000000000002
852.5,0.018,519,99,0.6000000000000001
853.0,0.019,519,100,0.6000000000000001
853.5,0.019,519,100,0.6000000000000001
854.0,0.019,520,99,0.6000000000000001
854.5,0.019,520,99,1.2000000000000002
855.0,0.018,520,99,0.6000000000000001
855.5,0.019,520,99,0.6000000000000001
856.0,0.019,521,99,0.6000000000000001
856.5,0.019,521,100,0.6000000000000001
857.0,0.019,521,100,0.0
857.5,0.018,522,100,0.0
858.0,0.018,522,100,0.0
858.5,0.018,522,100,0.0
859.0,0.019,523,100,0.0
859.5,0.018,523,100,0.0
860.0,0.019,523,100,0.6000000000000001
860.5,0.018,523,100,0.0
861.0,0.018,524,100,0.0
861.5,0.018,524,100,0.0
862.0,0.018,524,101,0.0
862.5,0.019,525,101,0.0
863.0,0.018,525,100,0.0
863.5,0.018,525,99,0.0
864.0,0.018,525,99,0.0
864.5,0.018,526,99,0.0
865.0,0.016,526,98,0.0
865.5,0.016,526,98,0.0
866.0,0.018,527,98,0.0
866.5,0.018,527,98,0.0
867.0,0.018,527,98,0.0
867.5,0.019,528,98,0.0
868.0,0.018,528,99,0.0
868.5,0.019,528,99,0.0
869.0,0.019,529,98,0.0
869.5,0.019,529,99,0.0
870.0,0.018,529,98,0.0
870.5,0.018,529,98,0.0
871.0,0.018,530,99,0.0
871.5,0.019,530,100,0.0
872.0,0.019,530,99,0.0
872.5,0.021,531,100,0.0
873.0,0.018,531,101,0.0
873.5,0.019,531,101,0.0
874.0,0.018,531,101,0.0
874.5,0.018,532,100,0.0
875.0,0.018,532,100,0.0
875.5,0.019,532,100,0.0
876.0,0.018,533,100,0.0
876.5,0.019,533,99,0.0
877.0,0.016,533,99,0.0
877.5,0.018,534,100,0.6000000000000001
878.0,0.018,534,100,0.6000000000000001
878.5,0.019,534,100,0.6000000000000001
879.0,0.016,535,100,0.0
879.5,0.019,535,100,0.0
880.0,0.018,535,99,0.0
880.5,0.019,535,99,0.0
881.0,0.018,536,99,0.0
881.5,0.019,536,99,0.0
882.0,0.018,536,99,0.6000000000000001
882.5,0.019,537,100,0.6000000000000001
883.0,0.018,537,100,1.2000000000000002
883.5,0.018,537,100,1.2000000000000002
884.0,0.018,538,100,1.2000000000000002
884.5,0.019,538,100,0.6000000000000001
885.0,0.018,538,100,0.6000000000000001
885.5,0.021,538,100,0.0
886.0,0.019,539,100,0.0
886.5,0.019,539,100,0.6000000000000001
887.0,0.016,539,100,0.6000000000000001
887.5,0.018,540,100,0.6000000000000001
888.0,0.018,540,99,0.6000000000000001
888.5,0.018,540,99,0.6000000000000001
889.0,0.019,541,100,0.6000000000000001
889.5,0.019,541,100,0.0
890.0,0.016,541,100,0.0
890.5,0.019,541,100,0.0
891.0,0.016,542,100,0.0
891.5,0.018,542,100,0.0
892.0,0.016,542,100,0.0
892.5,0.018,543,100,0.0
893.0,0.016,543,100,0.0
893.5,0.018,543,100,0.0
894.0,0.018,544,100,0.0
894.5,0.019,544,101,0.0
895.0,0.019,544,101,0.0
895.5,0.018,545,100,0.0
896.0,0.018,545,100,0.0
896.5,0.018,545,99,0.0
897.0,0.018,545,99,0.0
897.5,0.018,546,98,0.0
898.0,0.019,546,98,0.0
898.5,0.018,546,98,0.0
899.0,0.016,547,98,0.0
899.5,0.018,547,98,0.0
900.0,0.018,547,98,0.0
900.5,0.018,547,98,0.0
901.0,0.018,548,99,0.0
901.5,0.018,548,99,0.0
902.0,0.018,548,98,0.0
902.5,0.016,549,99,0.0
903.0,0.019,549,99,0.0
903.5,0.018,549,99,0.0
904.0,0.019,550,100,0.0
904.5,0.018,550,99,0.0
905.0,0.019,550,100,0.0
905.5,0.019,550,101,0.0
906.0,0.018,551,101,0.0
906.5,0.018,553,100,0.0
907.0,0.019,553,99,0.0
907.5,0.018,553,99,0.0
908.0,0.016,553,100,0.6000000000000001
908.5,0.019,554,100,0.6000000000000001
909.0,0.018,554,100,0.0
909.5,0.018,554,100,0.0
910.0,0.018,555,99,0.0
910.5,0.018,555,99,0.0
911.0,0.018,555,99,0.0
911.5,0.018,556,99,0.0
912.0,0.018,556,99,0.0
912.5,0.019,556,100,0.6000000000000001
913.0,0.018,556,100,0.6000000000000001
913.5,0.019,557,100,1.2000000000000002
914.0,0.019,557,100,1.2000000000000002
914.5,0.019,557,100,0.6000000000000001
915.0,0.018,558,100,0.6000000000000001
915.5,0.018,558,100,0.6000000000000001
916.0,0.016,558,99,0.0
916.5,0.018,559,100,0.6000000000000001
917.0,0.018,559,100,0.6000000000000001
917.5,0.019,559,99,0.6000000000000001
918.0,0.018,559,99,0.6000000000000001
918.5,0.019,560,100,0.6000000000000001
919.0,0.018,560,100,0.6000000000000001
919.5,0.019,560,100,0.0
920.0,0.019,561,100,0.0
920.5,0.019,561,100,0.0
921.0,0.019,561,100,0.0
921.5,0.018,562,100,0.0
922.0,0.018,562,100,0.0
922.5,0.019,562,100,0.0
923.0,0.019,562,100,0.0
923.5,0.019,563,100,0.0
924.0,0.018,563,100,0.0
924.5,0.018,563,100,0.0
925.0,0.018,564,101,0.0
925.5,0.023,564,100,0.0
926.0,0.018,564,100,0.0
926.5,0.019,565,99,0.0
927.0,0.019,565,99,0.0
927.5,0.018,565,98,0.0
928.0,0.018,565,98,0.0
928.5,0.021,566,98,0.0
929.0,0.019,566,98,0.0
929.5,0.018,566,98,0.0
930.0,0.019,567,98,0.0
930.5,0.018,567,98,0.0
931.0,0.018,567,98,0.0
931.5,0.021,568,99,0.0
932.0,0.021,568,98,0.0
932.5,0.021,569,99,0.0
933.0,0.019,569,99,0.0
933.5,0.019,569,99,0.0
934.0,0.018,570,100,0.0
934.5,0.018,570,100,0.0
935.0,0.021,570,101,0.0
935.5,0.019,571,101,0.0
936.0,0.018,571,101,0.0
936.5,0.019,571,100,0.0
937.0,0.019,571,100,0.0
937.5,0.018,572,100,0.0
938.0,0.019,572,100,0.0
938.5,0.018,572,99,0.0
939.0,0.019,573,99,0.0
939.5,0.019,573,99,0.6000000000000001
940.0,0.021,573,100,0.6000000000000001
940.5,0.018,574,100,0.6000000000000001
941.0,0.021,574,99,0.0
941.5,0.018,574,99,0.0
942.0,0.019,574,99,0.0
942.5,0.019,575,99,0.0
943.0,0.019,575,98,0.0
943.5,0.018,575,99,0.6000000000000001
944.0,0.021,576,99,0.6000000000000001
944.5,0.019,576,99,0.6000000000000001
945.0,0.021,576,99,1.2000000000000002
945.5,0.018,577,100,1.2000000000000002
946.0,0.021,577,100,1.2000000000000002
946.5,0.019,577,100,0.6000000000000001
947.0,0.021,577,100,0.6000000000000001
947.5,0.019,578,100,0.6000000000000001
948.0,0.021,578,99,0.6000000000000001
948.5,0.019,578,100,0.6000000000000001
949.0,0.018,579,100,0.6000000000000001
949.5,0.018,579,99,0.6000000000000001
950.0,0.021,579,99,0.6000000000000001
950.5,0.019,579,99,0.6000000000000001
951.0,0.018,580,100,0.6000000000000001
951.5,0.019,580,100,0.0
952.0,0.018,580,100,0.0
952.5,0.018,581,100,0.0
953.0,0.023,581,100,0.0
953.5,0.019,581,100,0.0
954.0,0.019,582,100,0.0
954.5,0.018,582,100,0.6000000000000001
955.0,0.021,582,100,0.0
955.5,0.019,583,100,0.0
956.0,0.023,583,100,0.0
956.5,0.019,583,101,0.0
957.0,0.019,584,101,0.0
957.5,0.021,584,100,0.0
958.0,0.019,584,100,0.0
958.5,0.019,584,99,0.0
959.0,0.021,585,99,0.0
959.5,0.021,585,98,0.0
960.0,0.019,585,98,0.0
960.5,0.019,586,98,0.0
961.0,0.019,586,98,0.0
961.5,0.019,586,98,0.0
962.0,0.019,586,98,0.0
962.5,0.021,587,99,0.0
963.0,0.018,587,99,0.0
963.5,0.019,587,98,0.0
964.0,0.019,588,99,0.0
964.5,0.019,588,98,0.0
965.0,0.021,588,98,0.0
965.5,0.021,589,99,0.0
966.0,0.021,589,100,0.0
966.5,0.021,589,99,0.0
967.0,0.019,589,101,0.0
967.5,0.019,590,101,0.0
968.0,0.021,590,101,0.0
968.5,0.019,590,101,0.0
969.0,0.019,591,101,0.0
969.5,0.019,591,100,0.0
970.0,0.019,591,100,0.0
970.5,0.021,592,100,0.0
971.0,0.021,592,100,0.0
971.5,0.019,592,99,0.0
972.0,0.018,592,100,0.6000000000000001
972.5,0.019,593,100,0.6000000000000001
973.0,0.019,593,100,0.6000000000000001
973.5,0.021,593,100,0.6000000000000001
974.0,0.021,594,100,0.0
974.5,0.021,594,99,0.0
975.0,0.019,594,99,0.0
975.5,0.019,595,99,0.0
976.0,0.019,595,99,0.0
976.5,0.021,595,99,0.6000000000000001
977.0,0.021,595,100,0.6000000000000001
977.5,0.021,596,100,1.2000000000000002
978.0,0.019,596,100,1.2000000000000002
978.5,0.023,596,100,1.2000000000000002
979.0,0.021,597,100,0.6000000000000001
979.5,0.023,597,100,0.6000000000000001
980.0,0.023,597,100,0.6000000000000001
980.5,0.021,598,100,0.6000000000000001
981.0,0.019,598,100,0.6000000000000001
981.5,0.023,598,100,0.6000000000000001
982.0,0.021,598,100,0.6000000000000001
982.5,0.019,599,99,0.6000000000000001
983.0,0.021,599,100,0.6000000000000001
983.5,0.019,599,100,0.6000000000000001
984.0,0.019,600,100,0.6000000000000001
984.5,0.023,600,100,0.0
985.0,0.019,600,100,0.0
985.5,0.021,601,100,0.0
986.0,0.023,601,100,0.0
986.5,0.023,601,100,0.0
987.0,0.021,601,100,0.6000000000000001
987.5,0.024,602,100,0.0
988.0,0.021,602,100,0.0
988.5,0.019,602,100,0.0
989.0,0.021,603,101,0.0
989.5,0.021,603,101,0.0
990.0,0.021,603,100,0.0
990.5,0.023,604,100,0.0
991.0,0.021,604,99,0.0
991.5,0.019,604,99,0.0
992.0,0.019,604,98,0.0
992.5,0.021,605,98,0.0
993.0,0.021,605,98,0.0
993.5,0.023,605,98,0.0
994.0,0.023,606,98,0.0
994.5,0.021,606,98,0.0
995.0,0.019,606,98,0.0
995.5,0.023,607,99,0.0
996.0,0.023,607,99,0.0
996.5,0.024,607,98,0.0
997.0,0.023,607,99,0.0
997.5,0.023,608,98,0.0
998.0,0.021,608,98,0.0
998.5,0.023,608,100,0.0
999.0,0.023,609,100,0.0
999.5,0.023,609,100,0.0
1000.0,0.023,609,101,0.0
1000.5,0.021,610,101,0.0
1001.0,0.021,610,101,0.0
1001.5,0.023,610,101,0.0
1002.0,0.021,610,100,0.0
1002.5,0.021,611,100,0.0
1003.0,0.019,611,100,0.0
1003.5,0.021,611,100,0.0
1004.0,0.021,612,99,0.0
1004.5,0.023,612,100,0.0
1005.0,0.023,612,100,0.6000000000000001
1005.5,0.023,613,100,0.6000000000000001
1006.0,0.023,613,100,0.6000000000000001
1006.5,0.021,613,100,0.0
1007.0,0.021,613,99,0.0
1007.5,0.023,614,99,0.0
1008.0,0.021,614,99,0.0
1008.5,0.023,614,99,0.6000000000000001
1009.0,0.021,615,99,0.6000000000000001
1009.5,0.021,615,100,0.6000000000000001
1010.0,0.023,615,100,1.2000000000000002
1010.5,0.021,616,100,1.2000000000000002
1011.0,0.021,616,100,1.2000000000000002
1011.5,0.023,616,100,1.2000000000000002
1012.0,0.021,616,100,0.6000000000000001
1012.5,0.019,617,100,0.6000000000000001
1013.0,0.023,617,100,0.0
1013.5,0.021,617,100,0.6000000000000001
1014.0,0.021,618,99,0.6000000000000001
1014.5,0.021,618,100,0.6000000000000001
1015.0,0.023,618,100,0.6000000000000001
1015.5,0.019,619,100,0.6000000000000001
1016.0,0.023,619,99,0.6000000000000001
1016.5,0.021,619,100,0.6000000000000001
1017.0,0.021,619,100,0.0
1017.5,0.021,620,100,0.0
1018.0,0.023,620,100,0.0
1018.5,0.021,620,100,0.0
1019.0,0.024,621,100,0.0
1019.5,0.023,621,100,0.0
1020.0,0.021,621,100,0.0
1020.5,0.019,622,100,0.0
1021.0,0.023,622,100,0.0
1021.5,0.021,622,100,0.0
1022.0,0.024,623,101,0.0
1022.5,0.023,623,100,0.0
1023.0,0.023,623,100,0.0
1023.5,0.019,623,99,0.0
1024.0,0.023,624,99,0.0
1024.5,0.019,624,98,0.0
1025.0,0.024,627,98,0.0
1025.5,0.023,628,99,0.0
1026.0,0.023,628,99,0.0
1026.5,0.023,628,99,0.0
1027.0,0.023,628,100,0.0
1027.5,0.021,629,101,0.0
1028.0,0.023,629,101,0.0
1028.5,0.023,629,101,0.0
1029.0,0.023,630,101,0.0
1029.5,0.023,630,100,0.0
1030.0,0.024,630,100,0.0
1030.5,0.021,631,100,0.0
1031.0,0.023,631,100,0.0
1031.5,0.021,631,99,0.0
1032.0,0.021,631,99,0.0
1032.5,0.023,632,100,0.6000000000000001
1033.0,0.019,632,100,0.6000000000000001
1033.5,0.024,632,100,0.6000000000000001
1034.0,0.021,633,100,0.0
1034.5,0.021,633,99,0.0
1035.0,0.021,633,99,0.0
1035.5,0.024,634,99,0.0
1036.0,0.023,634,99,0.0
1036.5,0.023,634,99,0.6000000000000001
1037.0,0.023,634,99,0.6000000000000001
1037.5,0.024,635,100,0.6000000000000001
1038.0,0.024,635,100,1.2000000000000002
1038.5,0.024,635,100,1.2000000000000002
1039.0,0.024,636,100,1.2000000000000002
1039.5,0.024,636,100,0.6000000000000001
1040.0,0.023,636,100,0.6000000000000001
1040.5,0.021,637,100,0.0
1041.0,0.021,637,100,0.0
1041.5,0.023,637,100,0.6000000000000001
1042.0,0.023,637,100,0.6000000000000001
1042.5,0.024,638,99,0.6000000000000001
1043.0,0.023,638,99,0.6000000000000001
1043.5,0.021,638,100,0.6000000000000001
1044.0,0.023,639,100,0.6000000000000001
1044.5,0.023,639,100,0.0
1045.0,0.023,639,100,0.0
1045.5,0.023,640,100,0.0
1046.0,0.021,640,100,0.0
1046.5,0.024,640,101,0.0
1047.0,0.024,640,100,0.0
1047.5,0.024,641,100,0.6000000000000001
1048.0,0.023,641,100,0.0
1048.5,0.024,641,100,0.0
1049.0,0.023,642,100,0.0
1049.5,0.021,642,101,0.0
1050.0,0.021,642,101,0.0
1050.5,0.024,643,100,0.0
1051.0,0.023,643,100,0.0
1051.5,0.023,643,99,0.0
1052.0,0.023,643,99,0.0
1052.5,0.021,644,98,0.0
1053.0,0.021,644,98,0.0
1053.5,0.021,644,98,0.0
1054.0,0.021,645,98,0.0
1054.5,0.021,645,98,0.0
1055.0,0.023,645,98,0.0
1055.5,0.024,646,99,0.0
1056.0,0.024,646,99,0.0
1056.5,0.024,646,98,0.0
1057.0,0.024,647,99,0.0
1057.5,0.023,647,98,0.0
1058.0,0.021,647,99,0.0
1058.5,0.023,647,99,0.0
1059.0,0.021,648,99,0.0
1059.5,0.024,648,100,0.0
1060.0,0.023,648,101,0.0
1060.5,0.023,649,101,0.0
1061.0,0.023,649,101,0.0
1061.5,0.023,649,101,0.0
1062.0,0.023,649,101,0.0
1062.5,0.023,650,100,0.0
1063.0,0.021,650,100,0.0
1063.5,0.023,650,100,0.0
1064.0,0.021,651,99,0.0
1064.5,0.024,651,99,0.0
1065.0,0.023,651,100,0.6000000000000001
1065.5,0.024,652,100,0.6000000000000001
1066.0,0.023,652,100,0.6000000000000001
1066.5,0.023,652,100,0.0
1067.0,0.021,652,100,0.0
1067.5,0.023,653,99,0.0
1068.0,0.021,653,99,0.0
1068.5,0.023,653,99,0.0
1069.0,0.023,654,99,0.0
1069.5,0.023,654,99,0.6000000000000001
1070.0,0.024,654,100,0.6000000000000001
1070.5,0.023,655,99,1.2000000000000002
1071.0,0.023,655,100,1.2000000000000002
1071.5,0.021,655,100,1.2000000000000002
1072.0,0.021,656,100,0.6000000000000001
1072.5,0.024,656,100,0.6000000000000001
1073.0,0.024,656,100,0.0
1073.5,0.024,656,100,0.6000000000000001
1074.0,0.024,659,100,0.0
1074.5,0.023,659,100,0.0
1075.0,0.023,659,100,0.0
1075.5,0.023,660,100,0.0
1076.0,0.021,660,100,0.0
1076.5,0.021,660,100,0.6000000000000001
1077.0,0.023,661,100,0.0
1077.5,0.023,661,100,0.0
1078.0,0.023,661,101,0.0
1078.5,0.024,662,101,0.0
1079.0,0.023,662,101,0.0
1079.5,0.023,662,100,0.0
1080.0,0.021,662,100,0.0
1080.5,0.021,663,99,0.0
1081.0,0.021,663,99,0.0
1081.5,0.021,663,98,0.0
1082.0,0.023,664,98,0.0
1082.5,0.023,664,98,0.0
1083.0,0.023,664,98,0.0
1083.5,0.023,665,98,0.0
1084.0,0.023,665,98,0.0
1084.5,0.024,665,99,0.0
1085.0,0.021,665,99,0.0
1085.5,0.023,666,98,0.0
1086.0,0.021,666,99,0.0
1086.5,0.023,666,99,0.0
1087.0,0.023,667,99,0.0
1087.5,0.023,667,99,0.0
1088.0,0.023,667,100,0.0
1088.5,0.021,667,99,0.0
1089.0,0.021,668,100,0.0
1089.5,0.023,668,101,0.0
1090.0,0.023,668,101,0.0
1090.5,0.024,669,101,0.0
1091.0,0.024,669,101,0.0
1091.5,0.026,669,100,0.0
1092.0,0.023,670,100,0.0
1092.5,0.023,670,100,0.0
1093.0,0.023,670,100,0.0
1093.5,0.023,671,99,0.0
1094.0,0.019,671,100,0.6000000000000001
1094.5,0.021,671,100,0.6000000000000001
1095.0,0.023,671,100,0.6000000000000001
1095.5,0.021,672,100,0.6000000000000001
1096.0,0.021,672,100,0.6000000000000001
1096.5,0.023,672,99,0.0
1097.0,0.021,673,99,0.0
1097.5,0.023,673,99,0.0
1098.0,0.023,673,99,0.0
1098.5,0.023,674,100,0.6000000000000001
1099.0,0.023,674,100,0.6000000000000001
1099.5,0.024,674,100,0.6000000000000001
1100.0,0.024,674,100,1.2000000000000002
1100.5,0.024,675,100,1.2000000000000002
1101.0,0.023,675,100,0.6000000000000001
1101.5,0.023,675,100,0.6000000000000001
1102.0,0.021,676,100,0.6000000000000001
1102.5,0.021,676,100,0.6000000000000001
1103.0,0.019,676,100,0.6000000000000001
1103.5,0.021,677,100,0.6000000000000001
1104.0,0.021,677,99,0.6000000000000001
1104.5,0.021,677,99,0.6000000000000001
1105.0,0.021,677,100,0.6000000000000001
1105.5,0.024,678,100,0.6000000000000001
1106.0,0.023,678,100,0.6000000000000001
1106.5,0.023,678,100,0.0
1107.0,0.023,679,100,0.0
1107.5,0.024,679,100,0.0
1108.0,0.023,679,101,0.0
1108.5,0.024,680,100,0.0
1109.0,0.024,680,100,0.6000000000000001
1109.5,0.024,680,100,0.0
1110.0,0.021,680,100,0.0
1110.5,0.023,681,100,0.0
1111.0,0.023,681,101,0.0
1111.5,0.024,681,100,0.0
1112.0,0.023,682,100,0.0
1112.5,0.023,682,100,0.0
1113.0,0.021,682,99,0.0
1113.5,0.021,683,99,0.0
1114.0,0.021,683,98,0.0
1114.5,0.019,683,98,0.0
1115.0,0.021,683,98,0.0
1115.5,0.019,684,98,0.0
1116.0,0.021,684,98,0.0
1116.5,0.019,684,98,0.0
1117.0,0.021,685,98,0.0
1117.5,0.021,685,99,0.0
1118.0,0.023,685,99,0.0
1118.5,0.021,686,98,0.0
1119.0,0.023,686,98,0.0
1119.5,0.023,686,99,0.0
1120.0,0.023,686,99,0.0
1120.5,0.023,687,99,0.0
1121.0,0.024,687,99,0.0
1121.5,0.023,687,100,0.0
1122.0,0.024,688,101,0.0
1122.5,0.023,689,101,0.0
1123.0,0.023,689,100,0.0
1123.5,0.021,689,100,0.0
1124.0,0.021,689,100,0.0
1124.5,0.021,690,100,0.0
1125.0,0.021,690,99,0.0
1125.5,0.021,690,99,0.0
1126.0,0.023,691,100,0.6000000000000001
1126.5,0.021,691,100,0.6000000000000001
1127.0,0.023,691,100,0.6000000000000001
1127.5,0.023,691,100,0.0
1128.0,0.023,692,99,0.0
1128.5,0.023,692,99,0.0
1129.0,0.023,692,99,0.0
1129.5,0.023,693,99,0.0
1130.0,0.024,693,99,0.6000000000000001
1130.5,0.023,693,99,0.6000000000000001
1131.0,0.023,694,99,0.6000000000000001
1131.5,0.021,694,99,1.2000000000000002
1132.0,0.021,694,100,1.2000000000000002
1132.5,0.021,695,100,0.6000000000000001
1133.0,0.023,695,100,0.6000000000000001
1133.5,0.021,695,100,0.6000000000000001
1134.0,0.023,695,99,0.0
1134.5,0.021,696,99,0.0
1135.0,0.023,696,100,0.6000000000000001
1135.5,0.023,696,100,0.6000000000000001
1136.0,0.023,697,100,0.0
1136.5,0.021,697,100,0.6000000000000001
1137.0,0.023,697,100,0.6000000000000001
1137.5,0.023,698,100,0.6000000000000001
1138.0,0.024,698,100,0.0
1138.5,0.023,698,100,0.0
1139.0,0.023,698,100,0.0
1139.5,0.023,699,101,0.0
1140.0,0.021,699,101,0.0
1140.5,0.021,699,100,0.0
1141.0,0.021,700,100,0.0
1141.5,0.019,700,100,0.0
1142.0,0.023,700,100,0.0
1142.5,0.021,701,101,0.0
1143.0,0.021,701,101,0.0
1143.5,0.021,701,101,0.0
1144.0,0.021,701,100,0.0
1144.5,0.021,702,99,0.0
1145.0,0.023,702,99,0.0
1145.5,0.021,702,99,0.0
1146.0,0.021,703,98,0.0
1146.5,0.023,703,98,0.0
1147.0,0.021,703,98,0.0
1147.5,0.023,704,98,0.0
1148.0,0.023,704,98,0.0
1148.5,0.023,704,99,0.0
1149.0,0.024,705,99,0.0
1149.5,0.023,705,98,0.0
1150.0,0.023,705,98,0.0
1150.5,0.023,706,99,0.0
1151.0,0.023,706,99,0.0
1151.5,0.019,706,99,0.0
1152.0,0.021,706,99,0.0
1152.5,0.021,707,100,0.0
1153.0,0.021,707,101,0.0
1153.5,0.021,707,101,0.0
1154.0,0.021,708,101,0.0
1154.5,0.021,708,101,0.0
1155.0,0.023,708,101,0.0
1155.5,0.023,709,100,0.0
1156.0,0.023,709,100,0.0
1156.5,0.021,709,100,0.0
1157.0,0.021,710,99,0.0
1157.5,0.018,710,99,0.0
1158.0,0.021,710,100,0.6000000000000001
1158.5,0.023,710,100,0.6000000000000001
1159.0,0.021,711,100,0.6000000000000001
1159.5,0.021,711,100,0.0
1160.0,0.021,711,99,0.0
1160.5,0.019,712,99,0.0
1161.0,0.021,712,99,0.0
1161.5,0.021,712,99,0.6000000000000001
1162.0,0.021,713,99,0.6000000000000001
1162.5,0.021,713,99,0.6000000000000001
1163.0,0.021,713,99,0.6000000000000001
1163.5,0.021,713,99,1.2000000000000002
1164.0,0.024,714,100,1.2000000000000002
1164.5,0.023,714,100,1.2000000000000002
1165.0,0.023,714,100,0.6000000000000001
1165.5,0.021,715,99,0.6000000000000001
1166.0,0.019,715,99,0.6000000000000001
1166.5,0.019,715,99,0.6000000000000001
1167.0,0.023,715,99,0.6000000000000001
1167.5,0.021,716,99,1.2000000000000002
1168.0,0.021,716,99,0.6000000000000001
1168.5,0.019,716,99,0.6000000000000001
1169.0,0.021,717,99,0.6000000000000001
1169.5,0.019,717,100,0.6000000000000001
1170.0,0.024,717,100,0.0
1170.5,0.019,718,100,0.0
1171.0,0.019,718,100,0.0
1171.5,0.021,718,100,0.0
1172.0,0.021,719,101,0.0
1172.5,0.021,719,100,0.0
1173.0,0.023,719,100,0.6000000000000001
1173.5,0.021,719,100,0.0
1174.0,0.021,720,100,0.0
1174.5,0.021,720,100,0.0
1175.0,0.021,720,101,0.0
1175.5,0.021,721,101,0.0
1176.0,0.023,721,100,0.0
1176.5,0.021,721,99,0.0
1177.0,0.021,722,99,0.0
1177.5,0.019,722,99,0.0
1178.0,0.019,722,98,0.0
1178.5,0.019,722,98,0.0
1179.0,0.021,723,98,0.0
1179.5,0.019,723,98,0.0
1180.0,0.019,723,98,0.0
1180.5,0.021,724,98,0.0
1181.0,0.021,724,99,0.0
1181.5,0.019,724,99,0.0
1182.0,0.019,725,98,0.0
1182.5,0.021,725,99,0.0
1183.0,0.019,725,99,0.0
1183.5,0.021,725,98,0.0
1184.0,0.019,726,99,0.0
1184.5,0.021,726,100,0.0
1185.0,0.021,726,99,0.0
1185.5,0.021,727,100,0.0
1186.0,0.021,727,101,0.0
1186.5,0.023,727,101,0.0
1187.0,0.021,728,101,0.0
1187.5,0.023,728,100,0.0
1188.0,0.021,728,100,0.0
1188.5,0.021,728,100,0.0
1189.0,0.023,729,100,0.0
1189.5,0.021,729,99,0.0
1190.0,0.021,729,99,0.0
1190.5,0.021,730,99,0.6000000000000001
1191.0,0.019,730,100,1.2000000000000002
1191.5,0.021,730,100,0.6000000000000001
1192.0,0.018,730,100,0.0
1192.5,0.021,731,99,0.0
1193.0,0.019,731,99,0.0
1193.5,0.021,731,99,0.0
1194.0,0.021,732,99,0.0
1194.5,0.021,732,99,0.6000000000000001
1195.0,0.019,732,99,0.6000000000000001
1195.5,0.021,733,99,0.6000000000000001
1196.0,0.018,733,99,1.2000000000000002
1196.5,0.021,733,100,1.2000000000000002
1197.0,0.018,734,100,1.2000000000000002
1197.5,0.021,734,100,1.2000000000000002
1198.0,0.019,734,100,0.6000000000000001
1198.5,0.021,734,100,0.6000000000000001
1199.0,0.018,735,99,0.6000000000000001
1199.5,0.021,735,99,0.6000000000000001
1200.0,0.019,735,99,1.2000000000000002
1200.5,0.021,736,100,0.6000000000000001
1201.0,0.019,736,99,0.6000000000000001
1201.5,0.021,736,99,0.6000000000000001
1202.0,0.019,737,99,0.6000000000000001
1202.5,0.021,737,99,0.6000000000000001
1203.0,0.019,737,100,0.6000000000000001
1203.5,0.019,737,100,0.0
1204.0,0.018,738,100,0.0
1204.5,0.019,738,100,0.0
1205.0,0.019,738,100,0.0
1205.5,0.019,739,100,0.6000000000000001
1206.0,0.019,739,100,0.0
1206.5,0.021,739,100,0.0
1207.0,0.021,739,100,0.0
1207.5,0.023,740,101,0.0
1208.0,0.019,740,101,0.0
1208.5,0.019,740,100,0.0
1209.0,0.018,741,100,0.0
1209.5,0.019,741,99,0.0
1210.0,0.016,741,99,0.0
1210.5,0.019,742,98,0.0
1211.0,0.019,742,98,0.0
1211.5,0.019,742,98,0.0
1212.0,0.018,743,98,0.0
1212.5,0.019,743,98,0.0
1213.0,0.019,743,98,0.0
1213.5,0.019,743,98,0.0
1214.0,0.019,744,99,0.0
1214.5,0.018,744,99,0.0
1215.0,0.019,744,98,0.0
1215.5,0.018,745,98,0.0
1216.0,0.018,745,99,0.0
1216.5,0.018,745,99,0.0
1217.0,0.018,745,99,0.0
1217.5,0.016,746,99,0.0
1218.0,0.018,746,100,0.0
1218.5,0.018,746,100,0.0
1219.0,0.018,747,101,0.0
1219.5,0.018,747,101,0.0
1220.0,0.019,747,100,0.0
1220.5,0.018,748,100,0.0
1221.0,0.019,748,100,0.0
1221.5,0.018,748,100,0.0
1222.0,0.018,749,99,0.0
1222.5,0.016,749,99,0.0
1223.0,0.018,749,99,0.6000000000000001
1223.5,0.019,749,100,1.2000000000000002
1224.0,0.019,750,100,0.6000000000000001
1224.5,0.019,750,100,0.6000000000000001
1225.0,0.021,750,100,0.6000000000000001
1225.5,0.019,751,99,0.0
1226.0,0.018,751,99,0.0
1226.5,0.016,751,98,0.0
1227.0,0.018,751,98,0.6000000000000001
1227.5,0.019,752,99,0.6000000000000001
1228.0,0.018,752,99,0.6000000000000001
1228.5,0.018,752,99,1.2000000000000002
1229.0,0.019,753,99,1.2000000000000002
1229.5,0.016,753,100,1.2000000000000002
1230.0,0.018,753,100,1.2000000000000002
1230.5,0.018,754,100,1.2000000000000002
1231.0,0.016,754,99,0.6000000000000001
1231.5,0.018,754,99,0.6000000000000001
1232.0,0.019,754,99,0.6000000000000001
1232.5,0.018,755,99,1.2000000000000002
1233.0,0.019,755,99,1.2000000000000002
1233.5,0.019,755,99,0.6000000000000001
1234.0,0.018,756,99,0.6000000000000001
1234.5,0.018,756,99,0.6000000000000001
1235.0,0.019,756,100,0.6000000000000001
1235.5,0.018,757,100,0.6000000000000001
1236.0,0.019,757,100,0.0
1236.5,0.018,757,100,0.0
1237.0,0.019,758,100,0.0
1237.5,0.018,758,100,0.0
1238.0,0.021,758,100,0.6000000000000001
1238.5,0.019,758,100,0.0
1239.0,0.021,759,100,0.0
1239.5,0.019,759,100,0.0
1240.0,0.019,759,100,0.0
1240.5,0.018,760,100,0.0
1241.0,0.019,760,100,0.0
1241.5,0.018,760,100,0.0
1242.0,0.019,760,99,0.0
1242.5,0.019,761,99,0.0
1243.0,0.018,761,98,0.0
1243.5,0.016,761,98,0.0
1244.0,0.018,762,98,0.0
1244.5,0.018,762,98,0.0
1245.0,0.018,762,98,0.0
1245.5,0.019,763,98,0.0
1246.0,0.019,763,98,0.0
1246.5,0.019,763,99,0.0
1247.0,0.021,764,99,0.0
1247.5,0.019,764,98,0.0
1248.0,0.018,764,99,0.0
1248.5,0.019,764,98,0.0
1249.0,0.018,765,99,0.0
1249.5,0.018,765,99,0.0
1250.0,0.021,765,99,0.0
1250.5,0.019,766,100,0.0
1251.0,0.021,766,101,0.0
1251.5,0.021,766,101,0.0
1252.0,0.019,766,101,0.0
1252.5,0.019,767,101,0.0
1253.0,0.019,767,100,0.0
1253.5,0.019,767,100,0.0
1254.0,0.019,768,100,0.0
1254.5,0.019,768,100,0.0
1255.0,0.018,768,99,0.0
1255.5,0.018,769,99,0.0
1256.0,0.016,769,100,0.6000000000000001
1256.5,0.018,769,100,0.6000000000000001
1257.0,0.018,769,100,0.6000000000000001
1257.5,0.019,770,100,0.0
1258.0,0.018,770,100,0.0
1258.5,0.019,770,99,0.0
1259.0,0.018,771,99,0.0
1259.5,0.019,771,99,0.0
1260.0,0.019,771,99,0.6000000000000001
1260.5,0.021,772,99,0.6000000000000001
1261.0,0.019,772,99,0.6000000000000001
1261.5,0.021,772,100,1.2000000000000002
1262.0,0.018,773,100,1.2000000000000002
1262.5,0.018,773,100,1.2000000000000002
1263.0,0.019,773,100,0.6000000000000001
1263.5,0.021,773,100,0.6000000000000001
1264.0,0.019,774,100,0.6000000000000001
1264.5,0.021,774,99,0.6000000000000001
1265.0,0.018,774,99,0.6000000000000001
1265.5,0.018,775,99,1.2000000000000002
1266.0,0.018,775,99,0.6000000000000001
1266.5,0.019,775,99,0.6000000000000001
1267.0,0.019,775,99,0.6000000000000001
1267.5,0.019,776,99,0.6000000000000001
1268.0,0.019,776,99,0.6000000000000001
1268.5,0.021,776,100,0.0
1269.0,0.018,777,100,0.0
1269.5,0.021,777,100,0.0
1270.0,0.018,777,100,0.0
1270.5,0.018,778,100,0.6000000000000001
1271.0,0.016,778,100,0.6000000000000001
1271.5,0.019,778,100,0.0
1272.0,0.016,778,100,0.0
1272.5,0.019,779,100,0.0
1273.0,0.018,779,101,0.0
1273.5,0.016,779,101,0.0
1274.0,0.018,780,100,0.0
1274.5,0.018,780,100,0.0
1275.0,0.018,780,99,0.0
1275.5,0.021,781,99,0.0
1276.0,0.019,781,98,0.0
1276.5,0.018,781,98,0.0
1277.0,0.019,781,98,0.0
1277.5,0.019,782,98,0.0
1278.0,0.016,782,98,0.0
1278.5,0.019,782,98,0.0
1279.0,0.019,783,98,0.0
1279.5,0.019,783,98,0.0
1280.0,0.019,783,98,0.0
1280.5,0.019,784,98,0.0
1281.0,0.019,784,98,0.0
1281.5,0.018,784,98,0.0
1282.0,0.018,784,99,0.0
1282.5,0.018,785,99,0.0
1283.0,0.018,785,99,0.0
1283.5,0.019,785,100,0.0
1284.0,0.018,786,101,0.0
1284.5,0.019,786,101,0.0
1285.0,0.019,786,101,0.0
1285.5,0.018,787,101,0.0
1286.0,0.018,787,100,0.0
1286.5,0.019,787,100,0.0
1287.0,0.018,788,100,0.0
1287.5,0.016,788,100,0.0
1288.0,0.018,788,99,0.0
1288.5,0.018,788,100,0.6000000000000001
1289.0,0.019,789,100,0.6000000000000001
1289.5,0.019,789,100,0.6000000000000001
1290.0,0.019,789,100,0.6000000000000001
1290.5,0.019,791,99,0.0
1291.0,0.019,791,99,0.6000000000000001
1291.5,0.019,791,100,0.6000000000000001
1292.0,0.019,792,99,1.2000000000000002
1292.5,0.019,792,100,1.2000000000000002
1293.0,0.019,792,100,1.2000000000000002
1293.5,0.018,793,100,0.6000000000000001
1294.0,0.018,793,100,0.6000000000000001
1294.5,0.018,793,100,0.6000000000000001
1295.0,0.018,793,100,0.0
1295.5,0.019,794,100,0.6000000000000001
1296.0,0.021,794,100,0.6000000000000001
1296.5,0.018,794,100,0.6000000000000001
1297.0,0.018,795,100,0.6000000000000001
1297.5,0.016,795,100,0.6000000000000001
1298.0,0.016,795,100,0.6000000000000001
1298.5,0.018,796,100,0.0
1299.0,0.019,796,100,0.0
1299.5,0.019,796,100,0.0
1300.0,0.019,797,100,0.0
1300.5,0.019,797,100,0.0
1301.0,0.019,797,100,0.0
1301.5,0.019,797,100,0.6000000000000001
1302.0,0.019,798,100,0.0
1302.5,0.019,798,100,0.0
1303.0,0.018,798,100,0.0
1303.5,0.018,799,100,0.0
1304.0,0.018,799,100,0.0
1304.5,0.019,799,100,0.0
1305.0,0.019,800,100,0.0
1305.5,0.018,800,99,0.0
1306.0,0.018,800,99,0.0
1306.5,0.016,800,98,0.0
1307.0,0.019,801,98,0.0
1307.5,0.016,801,98,0.0
1308.0,0.021,801,98,0.0
1308.5,0.019,802,98,0.0
1309.0,0.019,802,98,0.0
1309.5,0.018,802,98,0.0
1310.0,0.019,803,99,0.0
1310.5,0.019,803,99,0.0
1311.0,0.021,803,98,0.0
1311.5,0.018,803,99,0.0
1312.0,0.019,804,98,0.0
1312.5,0.019,804,99,0.0
1313.0,0.021,804,100,0.0
1313.5,0.019,805,99,0.0
1314.0,0.021,805,100,0.0
1314.5,0.019,805,101,0.0
1315.0,0.019,805,101,0.0
1315.5,0.018,806,101,0.0
1316.0,0.019,806,101,0.0
1316.5,0.019,806,100,0.0
1317.0,0.021,807,100,0.0
1317.5,0.019,807,100,0.0
1318.0,0.019,807,100,0.0
1318.5,0.018,808,99,0.0
1319.0,0.018,808,99,0.6000000000000001
1319.5,0.018,808,100,0.6000000000000001
1320.0,0.019,808,101,0.6000000000000001
1320.5,0.016,809,100,0.6000000000000001
1321.0,0.019,809,100,0.0
1321.5,0.019,809,99,0.0
1322.0,0.018,810,99,0.0
1322.5,0.019,810,99,0.0
1323.0,0.019,810,99,0.0
1323.5,0.019,811,99,0.6000000000000001
1324.0,0.018,811,100,0.6000000000000001
1324.5,0.019,811,100,1.2000000000000002
1325.0,0.018,812,100,1.2000000000000002
1325.5,0.018,812,100,1.2000000000000002
1326.0,0.018,812,100,1.2000000000000002
1326.5,0.018,812,100,0.6000000000000001
1327.0,0.018,813,100,0.6000000000000001
1327.5,0.018,813,99,0.6000000000000001
1328.0,0.018,813,99,0.6000000000000001
1328.5,0.019,814,100,1.2000000000000002
1329.0,0.018,814,100,0.6000000000000001
1329.5,0.019,814,99,0.6000000000000001
1330.0,0.018,814,99,0.6000000000000001
1330.5,0.018,815,99,0.6000000000000001
1331.0,0.018,815,100,0.6000000000000001
1331.5,0.018,815,100,0.0
1332.0,0.018,816,100,0.0
1332.5,0.019,816,100,0.0
1333.0,0.018,816,100,0.0
1333.5,0.019,817,100,0.0
1334.0,0.018,817,100,0.0
1334.5,0.019,817,100,0.0
1335.0,0.019,817,100,0.0
1335.5,0.019,818,100,0.0
1336.0,0.018,818,100,0.0
1336.5,0.021,818,101,0.0
1337.0,0.018,819,100,0.0
1337.5,0.019,819,100,0.0
1338.0,0.021,820,98,0.0
1338.5,0.019,821,98,0.0
1339.0,0.019,821,98,0.0
1339.5,0.019,821,98,0.0
1340.0,0.019,821,98,0.0
1340.5,0.018,822,98,0.0
1341.0,0.021,822,99,0.0
1341.5,0.021,822,99,0.0
1342.0,0.019,823,98,0.0
1342.5,0.021,823,99,0.0
1343.0,0.023,823,99,0.0
1343.5,0.021,823,99,0.0
1344.0,0.023,824,99,0.0
1344.5,0.021,824,100,0.0
1345.0,0.019,824,100,0.0
1345.5,0.019,825,101,0.0
1346.0,0.019,825,101,0.0
1346.5,0.019,825,101,0.0
1347.0,0.021,826,101,0.0
1347.5,0.019,826,101,0.0
1348.0,0.019,826,101,0.0
1348.5,0.019,827,101,0.0
1349.0,0.019,827,100,0.0
1349.5,0.018,827,100,0.0
1350.0,0.019,827,100,0.6000000000000001
1350.5,0.021,828,100,0.6000000000000001
1351.0,0.019,828,101,0.6000000000000001
1351.5,0.019,828,100,0.6000000000000001
1352.0,0.019,829,100,0.0
1352.5,0.018,829,100,0.0
1353.0,0.021,829,99,0.0
1353.5,0.018,830,99,0.0
1354.0,0.019,830,99,0.0
1354.5,0.019,830,99,0.6000000000000001
1355.0,0.018,830,100,0.6000000000000001
1355.5,0.019,831,100,1.2000000000000002
1356.0,0.023,831,100,1.2000000000000002
1356.5,0.019,831,100,1.2000000000000002
1357.0,0.019,832,100,1.2000000000000002
1357.5,0.019,832,100,0.6000000000000001
1358.0,0.019,832,100,0.6000000000000001
1358.5,0.018,833,100,0.0
1359.0,0.019,833,100,0.0
1359.5,0.019,833,100,0.6000000000000001
1360.0,0.018,833,100,0.6000000000000001
1360.5,0.019,834,100,0.0
1361.0,0.018,834,99,0.0
1361.5,0.019,834,100,0.6000000000000001
1362.0,0.019,835,100,0.6000000000000001
1362.5,0.019,835,100,0.0
1363.0,0.019,835,100,0.0
1363.5,0.021,836,100,0.0
1364.0,0.019,836,100,0.0
1364.5,0.018,836,101,0.0
1365.0,0.019,837,101,0.0
1365.5,0.019,837,100,0.0
1366.0,0.019,837,100,0.0
1366.5,0.019,837,100,0.0
1367.0,0.018,838,100,0.0
1367.5,0.019,838,101,0.0
1368.0,0.018,838,100,0.0
1368.5,0.019,839,100,0.0
1369.0,0.019,839,99,0.0
1369.5,0.019,839,99,0.0
1370.0,0.019,839,99,0.0
1370.5,0.018,840,98,0.0
1371.0,0.018,840,98,0.0
1371.5,0.019,840,98,0.0
1372.0,0.018,841,98,0.0
1372.5,0.019,841,98,0.0
1373.0,0.019,841,98,0.0
1373.5,0.018,842,98,0.0
1374.0,0.018,842,98,0.0
1374.5,0.019,842,98,0.0
1375.0,0.016,842,98,0.0
1375.5,0.019,843,98,0.0
1376.0,0.019,843,99,0.0
1376.5,0.021,843,100,0.0
1377.0,0.019,844,99,0.0
1377.5,0.021,844,100,0.0
1378.0,0.021,844,101,0.0
1378.5,0.023,845,101,0.0
1379.0,0.021,845,101,0.0
1379.5,0.019,845,101,0.0
1380.0,0.019,845,101,0.0
1380.5,0.021,846,100,0.0
1381.0,0.019,846,100,0.0
1381.5,0.021,846,100,0.0
1382.0,0.018,847,99,0.0
1382.5,0.019,847,99,0.0
1383.0,0.019,847,100,0.6000000000000001
1383.5,0.019,848,100,0.6000000000000001
1384.0,0.018,848,100,0.6000000000000001
1384.5,0.019,848,100,0.0
1385.0,0.019,848,100,0.0
1385.5,0.019,849,99,0.0
1386.0,0.019,849,99,0.0
1386.5,0.021,849,99,0.0
1387.0,0.019,850,99,0.6000000000000001
1387.5,0.021,850,100,0.6000000000000001
1388.0,0.021,850,100,0.6000000000000001
1388.5,0.021,851,100,1.2000000000000002
1389.0,0.019,851,100,1.2000000000000002
1389.5,0.019,851,100,1.2000000000000002
1390.0,0.021,851,100,0.6000000000000001
1390.5,0.023,852,100,0.6000000000000001
1391.0,0.021,852,100,0.0
1391.5,0.021,852,100,0.6000000000000001
1392.0,0.019,853,100,0.6000000000000001
1392.5,0.018,853,100,1.2000000000000002
1393.0,0.018,853,100,0.6000000000000001
1393.5,0.021,854,100,0.6000000000000001
1394.0,0.021,854,100,0.6000000000000001
1394.5,0.019,854,100,0.6000000000000001
1395.0,0.019,854,100,0.6000000000000001
1395.5,0.021,855,100,0.0
1396.0,0.019,855,100,0.0
1396.5,0.021,855,100,0.0
1397.0,0.019,856,100,0.0
1397.5,0.019,856,100,0.0
1398.0,0.021,856,100,0.6000000000000001
1398.5,0.019,857,100,0.0
1399.0,0.019,857,100,0.0
1399.5,0.021,857,100,0.0
1400.0,0.021,857,100,0.0
1400.5,0.019,858,100,0.0
1401.0,0.019,858,100,0.0
1401.5,0.018,858,99,0.0
1402.0,0.018,859,99,0.0
1402.5,0.018,859,98,0.0
1403.0,0.019,859,98,0.0
1403.5,0.019,860,98,0.0
1404.0,0.019,860,98,0.0
1404.5,0.019,860,98,0.0
1405.0,0.019,861,98,0.0
1405.5,0.019,861,98,0.0
1406.0,0.019,861,98,0.0
1406.5,0.021,861,98,0.0
1407.0,0.021,862,98,0.0
1407.5,0.019,862,98,0.0
1408.0,0.019,862,98,0.0
1408.5,0.019,863,98,0.0
1409.0,0.023,863,98,0.0
1409.5,0.019,863,99,0.0
1410.0,0.021,863,99,0.0
1410.5,0.021,864,100,0.0
1411.0,0.019,864,101,0.0
1411.5,0.019,864,101,0.0
1412.0,0.019,865,101,0.0
1412.5,0.018,865,100,0.0
1413.0,0.021,865,100,0.0
1413.5,0.019,866,100,0.0
1414.0,0.018,866,100,0.0
1414.5,0.018,866,100,0.0
1415.0,0.019,866,99,0.0
1415.5,0.018,867,99,0.6000000000000001
1416.0,0.019,867,100,0.6000000000000001
1416.5,0.019,867,100,0.6000000000000001
1417.0,0.019,868,100,0.6000000000000001
1417.5,0.019,868,100,0.0
1418.0,0.021,868,99,0.0
1418.5,0.019,869,99,0.0
1419.0,0.019,869,99,0.0
1419.5,0.019,869,99,0.6000000000000001
1420.0,0.021,869,99,0.6000000000000001
1420.5,0.019,870,100,0.6000000000000001
1421.0,0.019,870,99,1.2000000000000002
1421.5,0.019,870,100,1.2000000000000002
1422.0,0.021,871,100,1.2000000000000002
1422.5,0.019,871,100,1.2000000000000002
1423.0,0.019,871,100,0.6000000000000001
1423.5,0.018,872,100,0.6000000000000001
1424.0,0.018,872,100,0.6000000000000001
1424.5,0.018,872,100,0.6000000000000001
1425.0,0.019,872,100,1.2000000000000002
1425.5,0.021,873,100,0.6000000000000001
1426.0,0.021,873,100,0.6000000000000001
1426.5,0.018,873,100,0.6000000000000001
1427.0,0.019,874,100,0.6000000000000001
1427.5,0.018,874,100,0.6000000000000001
1428.0,0.019,874,100,0.0
1428.5,0.021,875,100,0.0
1429.0,0.021,875,100,0.0
1429.5,0.019,875,100,0.0
1430.0,0.019,876,100,0.0
1430.5,0.019,876,100,0.6000000000000001
1431.0,0.019,876,100,0.0
1431.5,0.019,876,99,0.0
1432.0,0.019,877,100,0.0
1432.5,0.019,877,100,0.0
1433.0,0.019,877,100,0.0
1433.5,0.019,878,100,0.0
1434.0,0.019,878,100,0.0
1434.5,0.019,878,99,0.0
1435.0,0.019,878,99,0.0
1435.5,0.016,879,98,0.0
1436.0,0.018,879,98,0.0
1436.5,0.018,879,98,0.0
1437.0,0.018,880,98,0.0
1437.5,0.019,880,98,0.0
1438.0,0.019,880,98,0.0
1438.5,0.021,881,98,0.0
1439.0,0.019,881,99,0.0
1439.5,0.019,881,98,0.0
1440.0,0.019,881,98,0.0
1440.5,0.021,882,98,0.0
1441.0,0.019,882,98,0.0
1441.5,0.021,882,98,0.0
1442.0,0.019,883,99,0.0
1442.5,0.019,883,99,0.0
1443.0,0.019,883,100,0.0
1443.5,0.021,884,100,0.0
1444.0,0.019,884,100,0.0
1444.5,0.019,884,101,0.0
1445.0,0.019,884,100,0.0
1445.5,0.021,885,100,0.0
1446.0,0.019,885,100,0.0
1446.5,0.021,885,100,0.0
1447.0,0.018,886,99,0.0
1447.5,0.018,886,99,0.0
1448.0,0.018,886,99,0.6000000000000001
1448.5,0.019,887,100,0.6000000000000001
1449.0,0.016,887,100,0.6000000000000001
1449.5,0.019,887,100,0.6000000000000001
1450.0,0.018,887,100,0.0
1450.5,0.018,888,99,0.0
1451.0,0.019,888,99,0.0
1451.5,0.019,888,99,0.6000000000000001
1452.0,0.018,889,99,0.0
1452.5,0.021,889,99,0.6000000000000001
1453.0,0.019,889,99,0.6000000000000001
1453.5,0.019,890,100,0.6000000000000001
1454.0,0.019,890,100,1.2000000000000002
1454.5,0.019,890,100,1.2000000000000002
1455.0,0.021,890,100,1.2000000000000002
1455.5,0.023,891,100,0.6000000000000001
1456.0,0.019,891,100,0.6000000000000001
1456.5,0.021,891,100,0.6000000000000001
1457.0,0.018,892,99,0.6000000000000001
1457.5,0.019,892,99,0.6000000000000001
1458.0,0.018,892,99,1.2000000000000002
1458.5,0.021,893,99,0.6000000000000001
1459.0,0.019,893,99,0.6000000000000001
1459.5,0.019,893,99,0.6000000000000001
1460.0,0.018,893,99,0.6000000000000001
1460.5,0.018,894,100,0.0
1461.0,0.018,894,100,0.0
1461.5,0.019,894,100,0.0
1462.0,0.018,895,100,0.0
1462.5,0.018,895,100,0.0
1463.0,0.018,895,100,0.6000000000000001
1463.5,0.018,896,100,0.6000000000000001
1464.0,0.018,896,100,0.0
1464.5,0.021,896,100,0.0
1465.0,0.019,896,100,0.0
1465.5,0.019,897,100,0.0
1466.0,0.019,897,100,0.0
1466.5,0.019,897,100,0.0
1467.0,0.018,898,99,0.0
1467.5,0.018,898,99,0.0
1468.0,0.019,898,98,0.0
1468.5,0.016,899,98,0.0
1469.0,0.019,899,98,0.0
1469.5,0.018,899,98,0.0
1470.0,0.016,899,98,0.0
1470.5,0.018,900,98,0.0
1471.0,0.019,900,98,0.0
1471.5,0.016,900,98,0.0
1472.0,0.019,901,99,0.0
1472.5,0.019,901,98,0.0
1473.0,0.019,901,98,0.0
1473.5,0.018,901,98,0.0
1474.0,0.019,902,98,0.0
1474.5,0.019,902,99,0.0
1475.0,0.021,902,99,0.0
1475.5,0.019,903,99,0.0
1476.0,0.018,903,101,0.0
1476.5,0.018,903,101,0.0
1477.0,0.021,904,101,0.0
1477.5,0.016,907,100,0.6000000000000001
1478.0,0.019,907,100,0.0
1478.5,0.016,908,99,0.0
1479.0,0.019,908,99,0.0
1479.5,0.018,908,99,0.0
1480.0,0.018,908,99,0.6000000000000001
1480.5,0.018,909,99,0.6000000000000001
1481.0,0.021,909,100,0.6000000000000001
1481.5,0.018,909,99,1.2000000000000002
1482.0,0.019,910,100,1.2000000000000002
1482.5,0.018,910,100,1.2000000000000002
1483.0,0.018,910,100,0.6000000000000001
1483.5,0.018,911,100,0.6000000000000001
1484.0,0.018,911,100,0.6000000000000001
1484.5,0.018,911,100,0.6000000000000001
1485.0,0.019,911,100,0.6000000000000001
1485.5,0.019,912,100,1.2000000000000002
1486.0,0.018,912,100,0.6000000000000001
1486.5,0.018,912,99,0.6000000000000001
1487.0,0.018,913,100,0.6000000000000001
1487.5,0.018,913,100,0.6000000000000001
1488.0,0.021,913,100,0.0
1488.5,0.018,914,100,0.0
1489.0,0.019,914,100,0.0
1489.5,0.018,914,100,0.0
1490.0,0.019,915,100,0.0
1490.5,0.019,915,100,0.0
1491.0,0.019,915,100,0.6000000000000001
1491.5,0.018,915,100,0.0
1492.0,0.018,916,100,0.0
1492.5,0.018,916,100,0.0
1493.0,0.018,916,101,0.0
1493.5,0.019,917,101,0.0
1494.0,0.021,917,100,0.0
1494.5,0.018,917,100,0.0
1495.0,0.016,917,99,0.0
1495.5,0.018,918,99,0.0
1496.0,0.016,918,98,0.0
1496.5,0.018,918,98,0.0
1497.0,0.018,919,98,0.0
1497.5,0.018,919,98,0.0
1498.0,0.018,919,98,0.0
1498.5,0.018,919,98,0.0
1499.0,0.019,920,99,0.0
1499.5,0.019,920,99,0.0
1500.0,0.019,920,98,0.0
1500.5,0.019,921,98,0.0
1501.0,0.018,921,98,0.0
1501.5,0.018,921,98,0.0
1502.0,0.018,922,99,0.0
1502.5,0.019,922,99,0.0
1503.0,0.019,922,99,0.0
1503.5,0.019,923,100,0.0
1504.0,0.018,923,101,0.0
1504.5,0.019,923,101,0.0
1505.0,0.018,923,101,0.0
1505.5,0.019,924,101,0.0
1506.0,0.021,924,100,0.0
1506.5,0.021,924,100,0.0
1507.0,0.019,925,100,0.0
1507.5,0.019,925,99,0.0
1508.0,0.019,925,99,0.0
1508.5,0.018,925,99,0.6000000000000001
1509.0,0.018,926,100,0.6000000000000001
1509.5,0.019,926,100,0.6000000000000001
1510.0,0.018,926,100,0.6000000000000001
1510.5,0.021,927,100,0.0
1511.0,0.021,927,99,0.0
1511.5,0.019,927,99,0.0
1512.0,0.019,928,99,0.0
1512.5,0.021,928,99,0.6000000000000001
1513.0,0.019,928,99,0.6000000000000001
1513.5,0.021,929,99,0.6000000000000001
1514.0,0.019,929,100,0.6000000000000001
1514.5,0.019,929,99,1.2000000000000002
1515.0,0.019,929,100,1.2000000000000002
1515.5,0.019,930,100,1.2000000000000002
1516.0,0.019,930,100,0.6000000000000001
1516.5,0.023,930,100,0.6000000000000001
1517.0,0.019,931,100,0.6000000000000001
1517.5,0.019,931,100,0.6000000000000001
1518.0,0.019,931,100,0.6000000000000001
1518.5,0.019,932,100,0.6000000000000001
1519.0,0.019,932,99,0.6000000000000001
1519.5,0.021,932,100,0.6000000000000001
1520.0,0.021,932,99,0.6000000000000001
1520.5,0.021,933,100,0.6000000000000001
1521.0,0.019,933,100,0.0
1521.5,0.021,933,100,0.0
1522.0,0.019,934,100,0.0
1522.5,0.019,934,100,0.0
1523.0,0.019,934,100,0.0
1523.5,0.019,935,100,0.6000000000000001
1524.0,0.019,935,100,0.0
1524.5,0.021,935,100,0.0
1525.0,0.019,935,100,0.0
1525.5,0.023,936,100,0.0
1526.0,0.021,936,101,0.0
1526.5,0.019,936,100,0.0
1527.0,0.019,937,100,0.0
1527.5,0.019,937,99,0.0
1528.0,0.019,937,99,0.0
1528.5,0.018,938,98,0.0
1529.0,0.019,938,98,0.0
1529.5,0.018,938,98,0.0
1530.0,0.019,938,98,0.0
1530.5,0.019,939,98,0.0
1531.0,0.019,939,98,0.0
1531.5,0.018,939,98,0.0
1532.0,0.021,940,99,0.0
1532.5,0.019,940,99,0.0
1533.0,0.021,940,98,0.0
1533.5,0.023,940,99,0.0
1534.0,0.021,941,99,0.0
1534.5,0.021,941,99,0.0
1535.0,0.021,941,99,0.0
1535.5,0.019,942,99,0.0
1536.0,0.019,942,100,0.0
1536.5,0.021,942,100,0.0
1537.0,0.019,943,101,0.0
1537.5,0.019,943,101,0.0
1538.0,0.021,943,101,0.0
1538.5,0.019,944,100,0.0
1539.0,0.021,944,100,0.0
1539.5,0.021,944,100,0.0
1540.0,0.019,944,99,0.0
1540.5,0.018,945,99,0.0
1541.0,0.023,945,99,0.6000000000000001
1541.5,0.019,945,100,0.6000000000000001
1542.0,0.023,946,100,0.6000000000000001
1542.5,0.019,946,100,0.6000000000000001
1543.0,0.021,946,100,0.0
1543.5,0.018,947,99,0.0
1544.0,0.019,947,99,0.0
1544.5,0.018,947,99,0.0
1545.0,0.021,947,99,0.6000000000000001
1545.5,0.019,948,99,1.2000000000000002
1546.0,0.021,948,99,0.6000000000000001
1546.5,0.019,948,99,0.6000000000000001
1547.0,0.023,949,100,1.2000000000000002
1547.5,0.021,949,100,1.2000000000000002
1548.0,0.023,949,100,1.2000000000000002
1548.5,0.021,950,100,1.2000000000000002
1549.0,0.019,950,100,0.6000000000000001
1549.5,0.019,950,99,0.6000000000000001
1550.0,0.019,950,99,0.6000000000000001
1550.5,0.019,951,100,0.6000000000000001
1551.0,0.019,951,99,1.2000000000000002
1551.5,0.019,951,99,0.6000000000000001
1552.0,0.021,952,99,0.6000000000000001
1552.5,0.019,952,99,0.6000000000000001
1553.0,0.023,952,99,0.6000000000000001
1553.5,0.019,953,100,0.6000000000000001
1554.0,0.019,953,100,0.6000000000000001
1554.5,0.021,953,100,0.0
1555.0,0.021,953,100,0.0
1555.5,0.019,954,100,0.0
1556.0,0.023,954,100,0.6000000000000001
1556.5,0.019,954,100,0.6000000000000001
1557.0,0.019,955,100,0.0
1557.5,0.021,955,100,0.0
1558.0,0.021,955,100,0.0
1558.5,0.021,956,101,0.0
1559.0,0.021,956,100,0.0
1559.5,0.021,956,100,0.0
1560.0,0.019,956,99,0.0
1560.5,0.019,957,99,0.0
1561.0,0.019,957,99,0.0
1561.5,0.018,957,98,0.0
1562.0,0.021,958,98,0.0
1562.5,0.019,958,98,0.0
1563.0,0.018,958,98,0.0
1563.5,0.023,958,98,0.0
1564.0,0.021,959,98,0.0
1564.5,0.021,959,98,0.0
1565.0,0.023,959,98,0.0
1565.5,0.021,960,98,0.0
1566.0,0.019,960,98,0.0
1566.5,0.021,960,98,0.0
1567.0,0.021,961,99,0.0
1567.5,0.021,961,99,0.0
1568.0,0.021,961,99,0.0
1568.5,0.021,961,100,0.0
1569.0,0.019,962,100,0.0
1569.5,0.021,962,101,0.0
1570.0,0.019,962,101,0.0
1570.5,0.019,963,101,0.0
1571.0,0.021,963,100,0.0
1571.5,0.021,963,100,0.0
1572.0,0.019,964,100,0.0
1572.5,0.023,964,100,0.0
1573.0,0.019,964,99,0.0
1573.5,0.019,964,99,0.0
1574.0,0.021,965,99,0.6000000000000001
1574.5,0.021,965,100,1.2000000000000002
1575.0,0.021,965,100,1.2000000000000002
1575.5,0.021,966,100,0.6000000000000001
1576.0,0.021,966,100,0.0
1576.5,0.021,966,99,0.0
1577.0,0.019,967,99,0.0
1577.5,0.023,967,99,0.6000000000000001
1578.0,0.019,967,99,0.6000000000000001
1578.5,0.023,968,99,0.6000000000000001
1579.0,0.021,968,100,0.6000000000000001
1579.5,0.021,968,99,1.2000000000000002
1580.0,0.021,968,100,1.2000000000000002
1580.5,0.021,969,100,1.2000000000000002
1581.0,0.021,969,100,1.2000000000000002
1581.5,0.023,969,100,0.6000000000000001
1582.0,0.021,970,100,0.6000000000000001
1582.5,0.021,970,100,0.6000000000000001
1583.0,0.021,970,100,0.6000000000000001
1583.5,0.019,971,100,1.2000000000000002
1584.0,0.021,971,100,0.6000000000000001
1584.5,0.023,971,99,0.6000000000000001
1585.0,0.021,971,100,0.6000000000000001
1585.5,0.023,972,100,0.6000000000000001
1586.0,0.023,972,100,0.6000000000000001
1586.5,0.021,972,100,0.0
1587.0,0.019,973,100,0.0
1587.5,0.023,973,100,0.0
1588.0,0.021,973,100,0.0
1588.5,0.023,974,101,0.0
1589.0,0.021,974,100,0.6000000000000001
1589.5,0.021,974,100,0.0
1590.0,0.019,974,100,0.0
1590.5,0.023,975,100,0.0
1591.0,0.023,975,101,0.0
1591.5,0.021,975,100,0.0
1592.0,0.021,976,100,0.0
1592.5,0.021,976,100,0.0
1593.0,0.019,976,99,0.0
1593.5,0.023,977,99,0.0
1594.0,0.019,978,98,0.0
1594.5,0.021,978,98,0.0
1595.0,0.021,979,99,0.0
1595.5,0.021,979,99,0.0
1596.0,0.019,979,99,0.0
1596.5,0.023,979,99,0.0
1597.0,0.021,980,99,0.0
1597.5,0.023,980,99,0.0
1598.0,0.023,980,99,0.0
1598.5,0.023,981,100,0.0
1599.0,0.023,981,99,0.0
1599.5,0.023,981,100,0.0
1600.0,0.021,982,101,0.0
1600.5,0.023,982,101,0.0
1601.0,0.024,982,101,0.0
1601.5,0.023,983,101,0.0
1602.0,0.021,983,100,0.0
1602.5,0.019,983,100,0.0
1603.0,0.021,983,100,0.0
1603.5,0.021,984,100,0.0
1604.0,0.019,984,99,0.0
1604.5,0.021,984,100,0.6000000000000001
1605.0,0.021,985,100,0.6000000000000001
1605.5,0.021,985,100,0.6000000000000001
1606.0,0.023,985,100,0.0
1606.5,0.021,986,100,0.0
1607.0,0.021,986,99,0.0
1607.5,0.021,986,99,0.0
1608.0,0.023,986,99,0.0
1608.5,0.021,987,99,0.0
1609.0,0.023,987,99,0.6000000000000001
1609.5,0.023,987,99,0.6000000000000001
1610.0,0.024,988,100,1.2000000000000002
1610.5,0.024,988,100,1.2000000000000002
1611.0,0.024,988,100,1.2000000000000002
1611.5,0.024,989,100,1.2000000000000002
1612.0,0.023,989,100,0.6000000000000001
1612.5,0.021,989,100,0.6000000000000001
1613.0,0.021,989,100,0.6000000000000001
1613.5,0.023,990,100,0.6000000000000001
1614.0,0.024,990,100,0.6000000000000001
1614.5,0.023,990,100,0.6000000000000001
1615.0,0.021,991,100,0.6000000000000001
1615.5,0.021,991,100,0.6000000000000001
1616.0,0.023,991,100,0.6000000000000001
1616.5,0.023,992,100,0.6000000000000001
1617.0,0.024,992,100,0.0
1617.5,0.023,992,100,0.0
1618.0,0.023,992,100,0.0
1618.5,0.023,993,100,0.0
1619.0,0.023,993,100,0.0
1619.5,0.023,993,100,0.6000000000000001
1620.0,0.024,994,100,0.0
1620.5,0.021,994,100,0.0
1621.0,0.021,994,100,0.0
1621.5,0.023,995,101,0.0
1622.0,0.023,995,101,0.0
1622.5,0.024,995,100,0.0
1623.0,0.024,995,100,0.0
1623.5,0.023,996,99,0.0
1624.0,0.021,996,99,0.0
1624.5,0.021,996,99,0.0
1625.0,0.023,997,98,0.0
1625.5,0.023,997,98,0.0
1626.0,0.023,997,98,0.0
1626.5,0.024,998,98,0.0
1627.0,0.023,998,98,0.0
1627.5,0.023,998,99,0.0
1628.0,0.023,998,99,0.0
1628.5,0.023,999,99,0.0
1629.0,0.024,999,98,0.0
1629.5,0.024,999,98,0.0
1630.0,0.023,1000,98,0.0
1630.5,0.023,1000,99,0.0
1631.0,0.024,1000,99,0.0
1631.5,0.024,1001,99,0.0
1632.0,0.026,1001,100,0.0
1632.5,0.024,1001,100,0.0
1633.0,0.023,1002,101,0.0
1633.5,0.023,1002,101,0.0
1634.0,0.021,1002,101,0.0
1634.5,0.023,1002,101,0.0
1635.0,0.023,1003,100,0.0
1635.5,0.023,1003,100,0.0
1636.0,0.023,1003,100,0.0
1636.5,0.021,1004,99,0.0
1637.0,0.021,1004,99,0.0
1637.5,0.019,1004,100,0.6000000000000001
1638.0,0.021,1004,100,0.6000000000000001
1638.5,0.021,1005,100,0.6000000000000001
1639.0,0.019,1005,100,0.0
1639.5,0.023,1005,99,0.0
1640.0,0.023,1006,99,0.0
1640.5,0.024,1006,99,0.0
1641.0,0.023,1006,99,0.0
1641.5,0.023,1007,99,0.6000000000000001
1642.0,0.021,1007,99,0.6000000000000001
1642.5,0.021,1007,100,1.2000000000000002
1643.0,0.021,1007,100,1.2000000000000002
1643.5,0.023,1008,100,1.2000000000000002
1644.0,0.023,1008,100,1.2000000000000002
1644.5,0.024,1008,100,0.6000000000000001
1645.0,0.021,1009,100,0.6000000000000001
1645.5,0.021,1009,100,0.6000000000000001
1646.0,0.021,1009,99,0.6000000000000001
1646.5,0.023,1010,99,0.6000000000000001
1647.0,0.021,1010,99,1.2000000000000002
1647.5,0.021,1010,99,0.6000000000000001
1648.0,0.023,1010,99,0.6000000000000001
1648.5,0.023,1011,99,0.6000000000000001
1649.0,0.021,1011,100,0.6000000000000001
1649.5,0.023,1011,100,0.0
1650.0,0.021,1012,100,0.0
1650.5,0.024,1012,100,0.0
1651.0,0.021,1012,100,0.0
1651.5,0.024,1013,100,0.0
1652.0,0.021,1013,100,0.0
1652.5,0.023,1013,100,0.0
1653.0,0.021,1013,100,0.0
1653.5,0.023,1014,100,0.0
1654.0,0.023,1014,100,0.0
1654.5,0.024,1014,101,0.0
1655.0,0.023,1015,100,0.0
1655.5,0.021,1015,100,0.0
1656.0,0.019,1015,100,0.0
1656.5,0.023,1016,99,0.0
1657.0,0.021,1016,99,0.0
1657.5,0.023,1016,98,0.0
1658.0,0.021,1017,98,0.0
1658.5,0.021,1017,98,0.0
1659.0,0.021,1017,98,0.0
1659.5,0.023,1017,98,0.0
1660.0,0.021,1018,98,0.0
1660.5,0.024,1018,99,0.0
1661.0,0.021,1018,99,0.0
1661.5,0.024,1019,98,0.0
1662.0,0.021,1019,99,0.0
1662.5,0.024,1019,98,0.0
1663.0,0.021,1019,99,0.0
1663.5,0.021,1020,99,0.0
1664.0,0.021,1020,100,0.0
1664.5,0.023,1020,100,0.0
1665.0,0.023,1021,101,0.0
1665.5,0.026,1021,101,0.0
1666.0,0.023,1021,101,0.0
1666.5,0.026,1022,101,0.0
1667.0,0.024,1022,101,0.0
1667.5,0.021,1022,100,0.0
1668.0,0.021,1022,100,0.0
1668.5,0.021,1023,100,0.0
1669.0,0.021,1023,100,0.0
1669.5,0.021,1023,99,0.0
1670.0,0.023,1024,100,0.6000000000000001
1670.5,0.023,1024,101,0.6000000000000001
1671.0,0.023,1024,100,0.6000000000000001
1671.5,0.024,1025,100,0.6000000000000001
1672.0,0.023,1025,99,0.0
1672.5,0.021,1025,99,0.0
1673.0,0.023,1026,99,0.0
1673.5,0.023,1026,99,0.0
1674.0,0.024,1026,99,0.6000000000000001
1674.5,0.026,1026,99,0.6000000000000001
1675.0,0.024,1027,99,0.6000000000000001
1675.5,0.023,1027,100,1.2000000000000002
1676.0,0.023,1027,100,1.2000000000000002
1676.5,0.021,1028,100,1.2000000000000002
1677.0,0.023,1028,100,0.6000000000000001
1677.5,0.023,1028,100,0.6000000000000001
1678.0,0.023,1028,100,0.6000000000000001
1678.5,0.023,1029,100,0.6000000000000001
1679.0,0.024,1029,100,0.6000000000000001
1679.5,0.023,1029,100,1.2000000000000002
1680.0,0.024,1030,99,0.6000000000000001
1680.5,0.023,1030,100,0.6000000000000001
1681.0,0.021,1030,100,0.6000000000000001
1681.5,0.023,1031,100,0.6000000000000001
1682.0,0.024,1031,100,0.0
1682.5,0.021,1031,100,0.6000000000000001
1683.0,0.023,1031,100,0.0
1683.5,0.023,1032,100,0.0
1684.0,0.024,1032,100,0.0
1684.5,0.023,1032,100,0.0
1685.0,0.023,1033,100,0.6000000000000001
1685.5,0.021,1033,100,0.0
1686.0,0.024,1033,100,0.0
1686.5,0.023,1034,100,0.0
1687.0,0.024,1034,101,0.0
1687.5,0.023,1034,100,0.0
1688.0,0.024,1035,100,0.0
1688.5,0.023,1035,99,0.0
1689.0,0.023,1035,99,0.0
1689.5,0.023,1035,99,0.0
1690.0,0.021,1036,98,0.0
1690.5,0.019,1036,98,0.0
1691.0,0.024,1036,98,0.0
1691.5,0.023,1037,98,0.0
1692.0,0.023,1037,98,0.0
1692.5,0.023,1037,98,0.0
1693.0,0.024,1037,98,0.0
1693.5,0.023,1038,99,0.0
1694.0,0.024,1038,98,0.0
1694.5,0.023,1038,98,0.0
1695.0,0.023,1039,98,0.0
1695.5,0.024,1039,98,0.0
1696.0,0.024,1039,99,0.0
1696.5,0.024,1040,99,0.0
1697.0,0.026,1040,99,0.0
1697.5,0.024,1040,100,0.0
1698.0,0.023,1041,101,0.0
1698.5,0.024,1041,101,0.0
1699.0,0.024,1041,101,0.0
1699.5,0.023,1041,100,0.0
1700.0,0.024,1042,100,0.0
1700.5,0.024,1042,100,0.0
1701.0,0.023,1042,100,0.0
1701.5,0.023,1043,99,0.0
1702.0,0.023,1043,99,0.0
1702.5,0.021,1043,99,0.6000000000000001
1703.0,0.023,1043,100,0.6000000000000001
1703.5,0.023,1044,100,0.6000000000000001
1704.0,0.023,1044,100,0.6000000000000001
1704.5,0.023,1044,99,0.0
1705.0,0.024,1045,99,0.0
1705.5,0.024,1045,99,0.0
1706.0,0.023,1045,98,0.0
1706.5,0.023,1046,98,0.6000000000000001
1707.0,0.023,1046,99,1.2000000000000002
1707.5,0.023,1046,99,0.6000000000000001
1708.0,0.021,1046,99,1.2000000000000002
1708.5,0.023,1047,99,1.2000000000000002
1709.0,0.023,1047,100,1.2000000000000002
1709.5,0.023,1047,100,1.2000000000000002
1710.0,0.023,1048,100,1.2000000000000002
1710.5,0.023,1048,100,0.6000000000000001
1711.0,0.023,1048,99,0.6000000000000001
1711.5,0.024,1049,99,0.6000000000000001
1712.0,0.021,1049,99,1.2000000000000002
1712.5,0.023,1049,99,0.6000000000000001
1713.0,0.021,1049,99,0.6000000000000001
1713.5,0.024,1050,99,0.6000000000000001
1714.0,0.024,1050,99,0.6000000000000001
1714.5,0.024,1050,100,0.6000000000000001
1715.0,0.024,1051,100,0.0
1715.5,0.023,1051,100,0.0
1716.0,0.021,1051,100,0.0
1716.5,0.026,1052,100,0.0
1717.0,0.023,1052,100,0.0
1717.5,0.024,1052,100,0.0
1718.0,0.024,1052,100,0.0
1718.5,0.023,1053,99,0.0
1719.0,0.023,1053,100,0.0
1719.5,0.024,1053,100,0.0
1720.0,0.023,1054,100,0.0
1720.5,0.021,1054,100,0.0
1721.0,0.021,1054,100,0.0
1721.5,0.021,1055,99,0.0
1722.0,0.021,1055,99,0.0
1722.5,0.024,1055,98,0.0
1723.0,0.023,1055,98,0.0
1723.5,0.023,1056,98,0.0
1724.0,0.021,1056,98,0.0
1724.5,0.021,1056,98,0.0
1725.0,0.021,1057,98,0.0
1725.5,0.024,1057,98,0.0
1726.0,0.024,1057,98,0.0
1726.5,0.023,1058,98,0.0
1727.0,0.023,1058,98,0.0
1727.5,0.023,1058,98,0.0
1728.0,0.023,1058,98,0.0
1728.5,0.024,1059,99,0.0
1729.0,0.021,1059,100,0.0
1729.5,0.021,1059,99,0.0
1730.0,0.021,1060,100,0.0
1730.5,0.024,1060,101,0.0
1731.0,0.024,1060,101,0.0
1731.5,0.026,1061,101,0.0
1732.0,0.023,1061,101,0.0
1732.5,0.024,1061,100,0.0
1733.0,0.023,1061,100,0.0
1733.5,0.023,1062,100,0.0
1734.0,0.021,1062,100,0.0
1734.5,0.021,1062,99,0.0
1735.0,0.021,1063,99,0.0
1735.5,0.019,1063,100,0.6000000000000001
1736.0,0.021,1063,101,0.6000000000000001
1736.5,0.023,1064,100,0.6000000000000001
1737.0,0.021,1064,100,0.0
1737.5,0.023,1064,99,0.0
1738.0,0.021,1064,99,0.0
1738.5,0.021,1065,99,0.0
1739.0,0.023,1065,99,0.0
1739.5,0.023,1065,99,0.6000000000000001
1740.0,0.024,1066,99,0.6000000000000001
1740.5,0.021,1066,100,0.6000000000000001
1741.0,0.021,1066,100,1.2000000000000002
1741.5,0.021,1067,100,1.2000000000000002
1742.0,0.023,1067,100,1.2000000000000002
1742.5,0.019,1067,100,0.6000000000000001
1743.0,0.021,1067,100,0.6000000000000001
1743.5,0.021,1068,100,0.6000000000000001
1744.0,0.023,1068,100,0.6000000000000001
1744.5,0.021,1068,100,0.6000000000000001
1745.0,0.023,1069,100,1.2000000000000002
1745.5,0.021,1069,100,0.6000000000000001
1746.0,0.021,1069,100,0.6000000000000001
1746.5,0.021,1070,99,0.6000000000000001
1747.0,0.021,1070,100,0.6000000000000001
1747.5,0.018,1070,100,0.0
1748.0,0.023,1070,100,0.0
1748.5,0.023,1071,100,0.0
1749.0,0.024,1071,100,0.0
1749.5,0.023,1071,100,0.0
1750.0,0.023,1072,100,0.0
1750.5,0.021,1072,100,0.0
1751.0,0.023,1072,100,0.0
1751.5,0.021,1073,100,0.0
1752.0,0.023,1073,100,0.0
1752.5,0.023,1073,101,0.0
1753.0,0.023,1073,100,0.0
1753.5,0.019,1074,100,0.0
1754.0,0.023,1074,99,0.0
1754.5,0.021,1074,99,0.0
1755.0,0.019,1075,99,0.0
1755.5,0.019,1075,98,0.0
1756.0,0.019,1075,98,0.0
1756.5,0.019,1076,98,0.0
1757.0,0.021,1076,98,0.0
1757.5,0.021,1076,98,0.0
1758.0,0.023,1076,98,0.0
1758.5,0.021,1077,99,0.0
1759.0,0.023,1077,99,0.0
1759.5,0.021,1077,98,0.0
1760.0,0.024,1078,99,0.0
1760.5,0.023,1078,99,0.0
1761.0,0.023,1078,99,0.0
1761.5,0.021,1079,99,0.0
1762.0,0.023,1079,100,0.0
1762.5,0.021,1079,100,0.0
1763.0,0.023,1080,101,0.0
1763.5,0.021,1080,101,0.0
1764.0,0.021,1080,101,0.0
1764.5,0.021,1080,101,0.0
1765.0,0.023,1081,101,0.0
1765.5,0.021,1081,100,0.0
1766.0,0.023,1081,100,0.0
1766.5,0.019,1082,100,0.0
1767.0,0.019,1082,100,0.0
1767.5,0.018,1082,99,0.0
1768.0,0.019,1082,100,0.6000000000000001
1768.5,0.018,1083,100,0.6000000000000001
1769.0,0.019,1083,100,0.6000000000000001
1769.5,0.019,1083,100,0.0
1770.0,0.019,1084,100,0.0
1770.5,0.021,1084,99,0.0
1771.0,0.021,1084,99,0.0
1771.5,0.019,1085,99,0.0
1772.0,0.021,1085,99,0.6000000000000001
1772.5,0.021,1085,99,0.6000000000000001
1773.0,0.019,1085,100,0.6000000000000001
1773.5,0.019,1086,100,1.2000000000000002
1774.0,0.019,1086,100,1.2000000000000002
1774.5,0.019,1086,100,1.2000000000000002
1775.0,0.021,1087,100,0.6000000000000001
1775.5,0.019,1087,100,0.6000000000000001
1776.0,0.019,1088,99,0.6000000000000001
1776.5,0.019,1088,100,0.6000000000000001
1777.0,0.021,1088,100,1.2000000000000002
1777.5,0.019,1089,99,0.6000000000000001
1778.0,0.019,1089,99,0.6000000000000001
1778.5,0.019,1089,100,0.6000000000000001
1779.0,0.021,1089,100,0.6000000000000001
1779.5,0.019,1090,100,0.0
1780.0,0.019,1090,101,0.0
1780.5,0.018,1090,100,0.0
1781.0,0.018,1091,100,0.0
1781.5,0.019,1091,100,0.0
1782.0,0.021,1091,100,0.0
1782.5,0.019,1092,100,0.6000000000000001
1783.0,0.019,1092,100,0.0
1783.5,0.019,1092,100,0.0
1784.0,0.019,1092,100,0.0
1784.5,0.019,1093,101,0.0
1785.0,0.019,1093,101,0.0
1785.5,0.019,1093,100,0.0
1786.0,0.019,1094,100,0.0
1786.5,0.019,1094,99,0.0
1787.0,0.018,1094,99,0.0
1787.5,0.018,1095,98,0.0
1788.0,0.021,1095,98,0.0
1788.5,0.019,1095,98,0.0
1789.0,0.019,1095,98,0.0
1789.5,0.019,1096,98,0.0
1790.0,0.019,1096,98,0.0
1790.5,0.018,1096,99,0.0
1791.0,0.021,1097,99,0.0
1791.5,0.019,1097,99,0.0
1792.0,0.019,1097,99,0.0
1792.5,0.021,1097,99,0.0
1793.0,0.021,1098,99,0.0
1793.5,0.019,1098,99,0.0
1794.0,0.023,1098,99,0.0
1794.5,0.021,1099,100,0.0
1795.0,0.021,1099,101,0.0
1795.5,0.021,1099,101,0.0
1796.0,0.021,1100,101,0.0
1796.5,0.021,1100,101,0.0
1797.0,0.021,1100,100,0.0
1797.5,0.021,1100,100,0.0
1798.0,0.019,1101,100,0.0
1798.5,0.016,1101,100,0.0
1799.0,0.018,1101,99,0.0
1799.5,0.018,1102,99,0.0
1800.0,0.019,1102,100,0.6000000000000001
1800.5,0.019,1102,100,0.6000000000000001
1801.0,0.021,1103,100,0.6000000000000001
1801.5,0.019,1103,100,0.6000000000000001
1802.0,0.018,1103,100,0.0
1802.5,0.018,1104,99,0.0
1803.0,0.018,1104,99,0.0
1803.5,0.019,1104,99,0.0
1804.0,0.019,1104,99,0.6000000000000001
1804.5,0.018,1105,99,1.2000000000000002
1805.0,0.021,1105,100,1.2000000000000002
1805.5,0.018,1105,100,1.2000000000000002
1806.0,0.019,1106,100,1.2000000000000002
1806.5,0.019,1106,100,1.2000000000000002
1807.0,0.018,1106,100,1.2000000000000002
1807.5,0.018,1107,100,0.6000000000000001
1808.0,0.018,1107,100,0.6000000000000001
1808.5,0.018,1107,100,0.6000000000000001
1809.0,0.021,1107,100,0.6000000000000001
1809.5,0.019,1108,100,1.2000000000000002
1810.0,0.019,1108,100,0.6000000000000001
1810.5,0.019,1108,99,0.6000000000000001
1811.0,0.018,1109,100,0.6000000000000001
1811.5,0.016,1109,100,0.6000000000000001
1812.0,0.019,1109,100,0.0
1812.5,0.019,1109,100,0.0
1813.0,0.018,1110,100,0.0
1813.5,0.018,1110,100,0.0
1814.0,0.019,1110,100,0.0
1814.5,0.019,1111,101,0.0
1815.0,0.021,1111,100,0.6000000000000001
1815.5,0.019,1111,100,0.0
1816.0,0.019,1112,100,0.0
1816.5,0.019,1112,100,0.0
1817.0,0.019,1112,101,0.0
1817.5,0.019,1113,101,0.0
1818.0,0.019,1113,100,0.0
1818.5,0.018,1113,99,0.0
1819.0,0.016,1114,99,0.0
1819.5,0.016,1114,99,0.0
1820.0,0.016,1114,98,0.0
1820.5,0.015,1114,98,0.0
1821.0,0.016,1115,98,0.0
1821.5,0.018,1115,98,0.0
1822.0,0.018,1115,98,0.0
1822.5,0.018,1116,98,0.0
1823.0,0.019,1116,99,0.0
1823.5,0.021,1116,99,0.0
1824.0,0.019,1117,99,0.0
1824.5,0.018,1117,99,0.0
1825.0,0.019,1117,98,0.0
1825.5,0.023,1118,99,0.0
1826.0,0.019,1118,100,0.0
1826.5,0.019,1118,99,0.0
1827.0,0.019,1119,100,0.0
1827.5,0.019,1119,101,0.0
1828.0,0.019,1119,101,0.0
1828.5,0.019,1119,101,0.0
1829.0,0.021,1120,100,0.0
1829.5,0.019,1120,100,0.0
1830.0,0.019,1120,100,0.0
1830.5,0.018,1121,100,0.0
1831.0,0.016,1121,100,0.0
1831.5,0.016,1121,99,0.0
1832.0,0.016,1122,100,0.6000000000000001
1832.5,0.015,1122,100,0.6000000000000001
1833.0,0.016,1122,100,0.6000000000000001
1833.5,0.016,1122,100,0.6000000000000001
1834.0,0.019,1123,100,0.0
1834.5,0.019,1123,99,0.0
1835.0,0.021,1123,99,0.0
1835.5,0.019,1124,99,0.0
1836.0,0.021,1124,99,0.0
1836.5,0.019,1124,99,0.6000000000000001
1837.0,0.021,1125,99,0.6000000000000001
1837.5,0.018,1125,99,1.2000000000000002
1838.0,0.021,1125,100,1.2000000000000002
1838.5,0.019,1125,100,1.2000000000000002
1839.0,0.021,1126,100,0.6000000000000001
1839.5,0.018,1126,100,0.6000000000000001
1840.0,0.021,1126,99,0.6000000000000001
1840.5,0.019,1127,99,0.6000000000000001
1841.0,0.021,1127,99,0.6000000000000001
1841.5,0.019,1127,99,0.6000000000000001
1842.0,0.019,1128,99,0.6000000000000001
1842.5,0.019,1128,99,0.6000000000000001
1843.0,0.019,1128,99,0.6000000000000001
1843.5,0.019,1128,99,0.6000000000000001
1844.0,0.018,1129,99,0.6000000000000001
1844.5,0.018,1129,100,0.0
1845.0,0.019,1129,100,0.0
1845.5,0.018,1130,100,0.0
1846.0,0.018,1130,100,0.0
1846.5,0.019,1130,100,0.0
1847.0,0.018,1131,100,0.0
1847.5,0.019,1131,99,0.0
1848.0,0.021,1131,99,0.0
1848.5,0.019,1131,100,0.0
1849.0,0.019,1132,100,0.0
1849.5,0.019,1132,100,0.0
1850.0,0.019,1132,100,0.0
1850.5,0.018,1133,100,0.0
1851.0,0.019,1133,99,0.0
1851.5,0.019,1133,99,0.0
1852.0,0.018,1134,98,0.0
1852.5,0.019,1134,98,0.0
1853.0,0.019,1134,98,0.0
1853.5,0.019,1134,98,0.0
1854.0,0.019,1135,98,0.0
1854.5,0.021,1135,98,0.0
1855.0,0.019,1135,98,0.0
1855.5,0.021,1136,98,0.0
1856.0,0.019,1136,98,0.0
1856.5,0.021,1136,98,0.0
1857.0,0.019,1136,98,0.0
1857.5,0.019,1137,98,0.0
1858.0,0.019,1137,99,0.0
1858.5,0.021,1137,99,0.0
1859.0,0.019,1138,99,0.0
1859.5,0.021,1138,100,0.0
1860.0,0.019,1138,101,0.0
1860.5,0.021,1139,101,0.0
1861.0,0.021,1139,101,0.0
1861.5,0.019,1139,101,0.0
1862.0,0.019,1139,100,0.0
1862.5,0.019,1140,100,0.0
1863.0,0.019,1140,100,0.0
1863.5,0.018,1140,100,0.0
1864.0,0.021,1141,99,0.0
1864.5,0.019,1141,99,0.0
1865.0,0.019,1141,100,0.6000000000000001
1865.5,0.021,1142,100,0.6000000000000001
1866.0,0.019,1142,100,0.6000000000000001
1866.5,0.021,1142,100,0.6000000000000001
1867.0,0.018,1143,99,0.0
1867.5,0.021,1143,99,0.0
1868.0,0.021,1143,99,0.0
1868.5,0.021,1143,99,0.0
1869.0,0.019,1144,99,0.6000000000000001
1869.5,0.019,1144,99,0.6000000000000001
1870.0,0.018,1144,100,0.6000000000000001
1870.5,0.019,1145,100,1.2000000000000002
1871.0,0.016,1145,100,1.2000000000000002
1871.5,0.019,1145,100,1.2000000000000002
1872.0,0.018,1146,100,0.6000000000000001
1872.5,0.018,1146,100,0.6000000000000001
1873.0,0.018,1146,100,0.6000000000000001
1873.5,0.019,1146,100,0.0
1874.0,0.019,1147,100,0.6000000000000001
1874.5,0.021,1147,99,0.6000000000000001
1875.0,0.019,1147,99,0.6000000000000001
1875.5,0.019,1148,99,0.6000000000000001
1876.0,0.019,1148,99,0.6000000000000001
1876.5,0.019,1148,99,0.6000000000000001
1877.0,0.021,1148,100,0.0
1877.5,0.019,1149,100,0.0
1878.0,0.019,1149,99,0.0
1878.5,0.019,1149,100,0.0
1879.0,0.019,1150,100,0.0
1879.5,0.019,1150,100,0.0
1880.0,0.019,1150,100,0.6000000000000001
1880.5,0.018,1151,99,0.0
1881.0,0.019,1151,100,0.0
1881.5,0.019,1151,100,0.0
1882.0,0.019,1152,100,0.0
1882.5,0.021,1152,100,0.0
1883.0,0.019,1152,100,0.0
1883.5,0.018,1152,99,0.0
1884.0,0.018,1153,99,0.0
1884.5,0.018,1153,98,0.0
1885.0,0.018,1153,98,0.0
1885.5,0.018,1154,98,0.0
1886.0,0.019,1154,98,0.0
1886.5,0.018,1154,98,0.0
1887.0,0.019,1154,98,0.0
1887.5,0.019,1155,98,0.0
1888.0,0.019,1155,98,0.0
1888.5,0.018,1155,99,0.0
1889.0,0.019,1156,98,0.0
1889.5,0.019,1156,98,0.0
1890.0,0.021,1156,98,0.0
1890.5,0.019,1157,99,0.0
1891.0,0.019,1157,99,0.0
1891.5,0.019,1157,99,0.0
1892.0,0.019,1158,100,0.0
1892.5,0.019,1158,101,0.0
1893.0,0.021,1158,100,0.0
1893.5,0.019,1158,101,0.0
1894.0,0.021,1159,101,0.0
1894.5,0.021,1159,100,0.0
1895.0,0.021,1159,100,0.0
1895.5,0.018,1160,100,0.0
1896.0,0.019,1160,100,0.0
1896.5,0.018,1160,99,0.0
1897.0,0.018,1160,99,0.0
1897.5,0.018,1161,99,0.6000000000000001
1898.0,0.018,1161,100,0.6000000000000001
1898.5,0.018,1161,100,0.6000000000000001
1899.0,0.019,1162,100,0.0
1899.5,0.018,1162,100,0.0
1900.0,0.021,1162,99,0.0
1900.5,0.018,1163,99,0.0
1901.0,0.019,1163,99,0.0
1901.5,0.018,1163,99,0.6000000000000001
1902.0,0.019,1163,99,0.6000000000000001
1902.5,0.018,1164,99,0.6000000000000001
1903.0,0.021,1164,99,1.2000000000000002
1903.5,0.018,1164,100,1.2000000000000002
1904.0,0.019,1165,100,1.2000000000000002
1904.5,0.019,1165,100,1.2000000000000002
1905.0,0.021,1165,100,0.6000000000000001
1905.5,0.019,1166,100,0.6000000000000001
1906.0,0.019,1166,99,0.6000000000000001
1906.5,0.018,1166,99,0.6000000000000001
1907.0,0.018,1167,100,1.2000000000000002
1907.5,0.018,1167,100,0.6000000000000001
1908.0,0.021,1167,99,0.6000000000000001
1908.5,0.019,1167,99,0.6000000000000001
1909.0,0.019,1168,100,0.6000000000000001
1909.5,0.018,1168,99,0.6000000000000001
1910.0,0.018,1168,100,0.0
1910.5,0.018,1169,100,0.0
1911.0,0.019,1169,100,0.0
1911.5,0.018,1169,100,0.0
1912.0,0.019,1170,100,0.0
1912.5,0.021,1170,100,0.0
1913.0,0.019,1170,100,0.0
1913.5,0.019,1170,100,0.0
1914.0,0.019,1171,100,0.0
1914.5,0.019,1171,101,0.0
1915.0,0.018,1171,101,0.0
1915.5,0.018,1172,100,0.0
1916.0,0.019,1172,100,0.0
1916.5,0.018,1172,99,0.0
1917.0,0.019,1172,99,0.0
1917.5,0.018,1173,98,0.0
1918.0,0.016,1173,98,0.0
1918.5,0.019,1173,98,0.0
1919.0,0.019,1174,98,0.0
1919.5,0.019,1174,98,0.0
1920.0,0.018,1174,98,0.0
1920.5,0.019,1175,98,0.0
1921.0,0.019,1175,99,0.0
1921.5,0.021,1175,98,0.0
1922.0,0.019,1175,99,0.0
1922.5,0.019,1176,98,0.0
1923.0,0.021,1176,98,0.0
1923.5,0.018,1176,99,0.0
1924.0,0.019,1177,100,0.0
1924.5,0.019,1177,99,0.0
1925.0,0.019,1177,100,0.0
1925.5,0.019,1178,101,0.0
1926.0,0.021,1178,101,0.0
1926.5,0.021,1178,101,0.0
1927.0,0.018,1178,101,0.0
1927.5,0.019,1179,100,0.0
1928.0,0.018,1179,100,0.0
1928.5,0.018,1179,100,0.0
1929.0,0.019,1180,100,0.0
1929.5,0.019,1180,99,0.0
1930.0,0.018,1180,100,0.0
1930.5,0.019,1181,100,0.6000000000000001
1931.0,0.019,1181,100,0.6000000000000001
1931.5,0.021,1181,100,0.0
1932.0,0.019,1182,100,0.0
1932.5,0.019,1182,99,0.0
1933.0,0.019,1182,99,0.0
1933.5,0.021,1182,99,0.0
1934.0,0.019,1183,99,0.0
1934.5,0.021,1183,99,0.6000000000000001
1935.0,0.019,1183,100,0.6000000000000001
1935.5,0.019,1184,100,0.6000000000000001
1936.0,0.019,1184,100,1.2000000000000002
1936.5,0.019,1184,100,1.2000000000000002
1937.0,0.018,1184,100,0.6000000000000001
1937.5,0.021,1185,100,0.6000000000000001
1938.0,0.019,1185,100,0.0
1938.5,0.019,1185,100,0.0
1939.0,0.019,1186,100,0.6000000000000001
1939.5,0.021,1186,100,0.6000000000000001
1940.0,0.019,1186,100,0.6000000000000001
1940.5,0.021,1187,100,0.6000000000000001
1941.0,0.018,1187,100,0.6000000000000001
1941.5,0.019,1187,100,0.6000000000000001
1942.0,0.019,1187,100,0.0
1942.5,0.021,1188,100,0.0
1943.0,0.019,1188,100,0.0
1943.5,0.019,1188,100,0.0
1944.0,0.019,1189,100,0.0
1944.5,0.019,1189,100,0.0
1945.0,0.023,1189,100,0.0
1945.5,0.018,1195,98,0.0
1946.0,0.018,1195,98,0.0
1946.5,0.019,1195,98,0.0
1947.0,0.019,1196,98,0.0
1947.5,0.019,1196,99,0.0
1948.0,0.021,1196,99,0.0
1948.5,0.019,1197,100,0.0
1949.0,0.019,1197,100,0.0
1949.5,0.023,1197,101,0.0
1950.0,0.019,1197,101,0.0
1950.5,0.019,1198,101,0.0
1951.0,0.021,1198,101,0.0
1951.5,0.021,1198,101,0.0
1952.0,0.019,1199,100,0.0
1952.5,0.021,1199,100,0.0
1953.0,0.018,1199,100,0.0
1953.5,0.019,1200,99,0.0
1954.0,0.019,1200,99,0.0
1954.5,0.019,1200,100,0.6000000000000001
1955.0,0.018,1200,101,0.6000000000000001
1955.5,0.019,1201,100,0.6000000000000001
1956.0,0.018,1201,100,0.0
1956.5,0.021,1201,100,0.0
1957.0,0.019,1202,99,0.0
1957.5,0.019,1202,99,0.0
1958.0,0.018,1202,99,0.0
1958.5,0.019,1202,99,0.6000000000000001
1959.0,0.018,1203,100,0.6000000000000001
1959.5,0.021,1203,100,0.6000000000000001
1960.0,0.021,1203,100,1.2000000000000002
1960.5,0.021,1204,100,1.2000000000000002
1961.0,0.019,1204,100,1.2000000000000002
1961.5,0.023,1204,101,0.6000000000000001
1962.0,0.019,1205,100,0.6000000000000001
1962.5,0.023,1205,100,0.6000000000000001
1963.0,0.019,1205,100,0.6000000000000001
1963.5,0.019,1206,100,0.6000000000000001
1964.0,0.019,1206,100,0.6000000000000001
1964.5,0.019,1206,100,0.6000000000000001
1965.0,0.019,1206,100,0.6000000000000001
1965.5,0.023,1207,100,0.6000000000000001
1966.0,0.021,1207,100,0.6000000000000001
1966.5,0.021,1207,100,0.0
1967.0,0.019,1208,100,0.6000000000000001
1967.5,0.019,1208,100,0.0
1968.0,0.018,1208,100,0.0
1968.5,0.021,1209,100,0.0
1969.0,0.019,1209,100,0.0
1969.5,0.018,1209,100,0.0
1970.0,0.018,1209,100,0.0
1970.5,0.019,1210,100,0.0
1971.0,0.019,1210,101,0.0
1971.5,0.019,1210,101,0.0
1972.0,0.019,1211,101,0.0
1972.5,0.021,1211,100,0.0
1973.0,0.018,1211,100,0.0
1973.5,0.021,1212,99,0.0
1974.0,0.019,1212,99,0.0
1974.5,0.019,1212,98,0.0
1975.0,0.019,1212,98,0.0
1975.5,0.018,1213,98,0.0
1976.0,0.018,1213,98,0.0
1976.5,0.021,1213,98,0.0
1977.0,0.019,1214,98,0.0
1977.5,0.021,1214,99,0.0
1978.0,0.023,1214,99,0.0
1978.5,0.023,1215,98,0.0
1979.0,0.019,1215,99,0.0
1979.5,0.021,1215,98,0.0
1980.0,0.019,1215,99,0.0
1980.5,0.018,1216,99,0.0
1981.0,0.021,1216,99,0.0
1981.5,0.019,1216,100,0.0
1982.0,0.019,1217,100,0.0
1982.5,0.019,1217,101,0.0
1983.0,0.019,1217,101,0.0
1983.5,0.018,1218,101,0.0
1984.0,0.019,1218,100,0.0
1984.5,0.019,1218,100,0.0
1985.0,0.018,1218,100,0.0
1985.5,0.019,1219,100,0.0
1986.0,0.019,1219,99,0.0
1986.5,0.021,1219,99,0.0
1987.0,0.019,1220,99,0.6000000000000001
1987.5,0.019,1220,100,0.6000000000000001
1988.0,0.019,1220,100,0.6000000000000001
1988.5,0.019,1221,100,0.6000000000000001
1989.0,0.019,1221,99,0.6000000000000001
1989.5,0.021,1221,99,0.0
1990.0,0.021,1221,99,0.0
1990.5,0.019,1222,99,0.0
1991.0,0.019,1222,99,0.0
1991.5,0.019,1222,99,0.6000000000000001
1992.0,0.019,1223,99,0.6000000000000001
1992.5,0.019,1223,100,1.2000000000000002
1993.0,0.019,1223,100,1.2000000000000002
1993.5,0.019,1224,100,1.2000000000000002
1994.0,0.021,1224,100,0.6000000000000001
1994.5,0.018,1224,100,0.6000000000000001
1995.0,0.019,1224,100,0.6000000000000001
1995.5,0.019,1225,100,0.6000000000000001
1996.0,0.021,1225,100,0.6000000000000001
1996.5,0.018,1225,99,1.2000000000000002
1997.0,0.021,1226,99,0.6000000000000001
1997.5,0.018,1226,99,0.6000000000000001
1998.0,0.019,1226,100,0.6000000000000001
1998.5,0.019,1227,100,0.6000000000000001
1999.0,0.021,1227,100,0.0
1999.5,0.019,1227,100,0.0
2000.0,0.023,1227,99,0.0
2000.5,0.018,1228,100,0.0
2001.0,0.016,1228,100,0.0
2001.5,0.016,1228,100,0.0
2002.0,0.021,1229,100,0.6000000000000001
2002.5,0.019,1229,99,0.0
2003.0,0.021,1229,99,0.0
2003.5,0.023,1230,100,0.0
2004.0,0.021,1230,100,0.0
2004.5,0.018,1230,100,0.0
2005.0,0.021,1231,100,0.0
2005.5,0.021,1231,99,0.0
2006.0,0.021,1231,99,0.0
2006.5,0.019,1231,99,0.0
2007.0,0.018,1232,98,0.0
2007.5,0.018,1232,98,0.0
2008.0,0.023,1232,98,0.0
2008.5,0.019,1233,98,0.0
2009.0,0.021,1233,98,0.0
2009.5,0.018,1233,98,0.0
2010.0,0.018,1233,98,0.0
2010.5,0.016,1234,99,0.0
2011.0,0.023,1234,98,0.0
2011.5,0.019,1234,99,0.0
2012.0,0.023,1235,98,0.0
2012.5,0.021,1235,99,0.0
2013.0,0.021,1235,99,0.0
2013.5,0.019,1236,100,0.0
2014.0,0.023,1236,99,0.0
2014.5,0.021,1236,100,0.0
2015.0,0.021,1236,101,0.0
2015.5,0.021,1237,101,0.0
2016.0,0.021,1237,101,0.0
2016.5,0.019,1237,101,0.0
2017.0,0.021,1238,100,0.0
2017.5,0.019,1238,100,0.0
2018.0,0.019,1238,100,0.0
2018.5,0.021,1239,100,0.0
2019.0,0.019,1239,99,0.0
2019.5,0.018,1239,100,0.6000000000000001
2020.0,0.019,1239,100,1.2000000000000002
2020.5,0.019,1240,100,0.6000000000000001
2021.0,0.019,1240,100,0.6000000000000001
2021.5,0.021,1240,100,0.0
2022.0,0.019,1241,99,0.0
2022.5,0.019,1241,99,0.0
2023.0,0.019,1241,99,0.0
2023.5,0.018,1242,99,0.6000000000000001
2024.0,0.019,1242,99,0.6000000000000001
2024.5,0.021,1242,100,0.6000000000000001
2025.0,0.021,1242,100,1.2000000000000002
2025.5,0.021,1243,100,1.2000000000000002
2026.0,0.021,1243,100,1.2000000000000002
2026.5,0.021,1243,100,1.2000000000000002
2027.0,0.023,1244,100,0.6000000000000001
2027.5,0.021,1244,100,0.6000000000000001
2028.0,0.019,1244,100,0.0
2028.5,0.021,1245,100,0.6000000000000001
2029.0,0.019,1245,100,1.2000000000000002
2029.5,0.019,1245,100,0.6000000000000001
2030.0,0.019,1245,99,0.6000000000000001
2030.5,0.019,1246,99,0.6000000000000001
2031.0,0.019,1246,99,0.6000000000000001
2031.5,0.019,1246,100,0.6000000000000001
2032.0,0.018,1247,100,0.0
2032.5,0.019,1247,100,0.0
2033.0,0.019,1247,101,0.0
2033.5,0.019,1248,101,0.0
2034.0,0.021,1248,100,0.0
2034.5,0.023,1248,100,0.0
2035.0,0.021,1248,100,0.0
2035.5,0.021,1249,100,0.0
2036.0,0.021,1249,100,0.0
2036.5,0.019,1249,101,0.0
2037.0,0.019,1250,101,0.0
2037.5,0.021,1250,100,0.0
2038.0,0.021,1250,100,0.0
2038.5,0.019,1251,99,0.0
2039.0,0.019,1251,99,0.0
2039.5,0.019,1251,98,0.0
2040.0,0.018,1251,98,0.0
2040.5,0.019,1252,98,0.0
2041.0,0.018,1252,98,0.0
2041.5,0.019,1252,98,0.0
2042.0,0.018,1253,98,0.0
2042.5,0.021,1253,99,0.0
2043.0,0.019,1253,99,0.0
2043.5,0.019,1254,99,0.0
2044.0,0.018,1254,98,0.0
2044.5,0.019,1254,99,0.0
2045.0,0.019,1254,99,0.0
2045.5,0.023,1255,99,0.0
2046.0,0.021,1255,99,0.0
2046.5,0.021,1255,99,0.0
2047.0,0.019,1256,100,0.0
2047.5,0.021,1256,101,0.0
2048.0,0.021,1256,101,0.0
2048.5,0.023,1257,101,0.0
2049.0,0.019,1257,101,0.0
2049.5,0.021,1257,100,0.0
2050.0,0.018,1257,100,0.0
2050.5,0.018,1258,100,0.0
2051.0,0.019,1258,100,0.0
2051.5,0.019,1258,99,0.0
2052.0,0.018,1259,100,0.6000000000000001
2052.5,0.019,1259,100,0.6000000000000001
2053.0,0.018,1259,101,0.6000000000000001
2053.5,0.018,1260,100,0.6000000000000001
2054.0,0.019,1260,100,0.0
2054.5,0.019,1260,99,0.0
2055.0,0.019,1260,99,0.0
2055.5,0.021,1261,99,0.0
2056.0,0.019,1261,99,0.0
2056.5,0.019,1261,99,0.6000000000000001
2057.0,0.018,1262,100,0.6000000000000001
2057.5,0.019,1262,100,0.6000000000000001
2058.0,0.019,1262,100,1.2000000000000002
2058.5,0.021,1263,100,1.2000000000000002
2059.0,0.021,1263,100,0.6000000000000001
2059.5,0.019,1263,100,0.6000000000000001
2060.0,0.018,1264,100,0.0
2060.5,0.021,1264,100,0.0
2061.0,0.019,1264,100,0.6000000000000001
2061.5,0.019,1264,100,0.6000000000000001
2062.0,0.019,1265,99,0.6000000000000001
2062.5,0.019,1265,100,0.6000000000000001
2063.0,0.018,1265,100,0.6000000000000001
2063.5,0.018,1266,99,0.6000000000000001
2064.0,0.019,1266,100,0.6000000000000001
2064.5,0.023,1266,100,0.0
2065.0,0.021,1266,100,0.0
2065.5,0.019,1267,100,0.0
2066.0,0.018,1267,100,0.0
2066.5,0.019,1267,100,0.0
2067.0,0.019,1268,100,0.0
2067.5,0.019,1268,100,0.0
2068.0,0.021,1268,99,0.0
2068.5,0.018,1269,100,0.0
2069.0,0.018,1269,100,0.0
2069.5,0.019,1269,101,0.0
2070.0,0.019,1270,100,0.0
2070.5,0.018,1270,100,0.0
2071.0,0.019,1270,99,0.0
2071.5,0.016,1270,99,0.0
2072.0,0.018,1271,98,0.0
2072.5,0.018,1271,98,0.0
2073.0,0.018,1271,98,0.0
2073.5,0.019,1272,98,0.0
2074.0,0.023,1272,98,0.0
2074.5,0.018,1272,98,0.0
2075.0,0.018,1272,98,0.0
2075.5,0.019,1273,98,0.0
2076.0,0.019,1273,99,0.0
2076.5,0.018,1273,98,0.0
2077.0,0.021,1274,98,0.0
2077.5,0.018,1274,98,0.0
2078.0,0.018,1274,99,0.0
2078.5,0.019,1275,99,0.0
2079.0,0.019,1275,99,0.0
2079.5,0.019,1275,100,0.0
2080.0,0.021,1275,100,0.0
2080.5,0.019,1276,101,0.0
2081.0,0.019,1276,100,0.0
2081.5,0.021,1277,100,0.0
2082.0,0.018,1277,100,0.0
2082.5,0.021,1277,100,0.0
2083.0,0.018,1278,99,0.0
2083.5,0.018,1278,99,0.0
2084.0,0.018,1278,99,0.0
2084.5,0.018,1278,99,0.6000000000000001
2085.0,0.018,1279,100,0.6000000000000001
2085.5,0.021,1279,100,0.6000000000000001
2086.0,0.019,1279,100,0.6000000000000001
2086.5,0.019,1280,99,0.0
2087.0,0.019,1280,99,0.0
2087.5,0.019,1280,99,0.0
2088.0,0.019,1281,99,0.0
2088.5,0.021,1281,99,0.6000000000000001
2089.0,0.019,1281,99,0.6000000000000001
2089.5,0.018,1281,99,0.6000000000000001
2090.0,0.019,1282,99,1.2000000000000002
2090.5,0.021,1282,100,1.2000000000000002
2091.0,0.019,1282,100,1.2000000000000002
2091.5,0.019,1283,100,0.6000000000000001
2092.0,0.019,1283,100,0.6000000000000001
2092.5,0.018,1283,99,0.6000000000000001
2093.0,0.019,1284,99,0.6000000000000001
2093.5,0.019,1284,99,0.6000000000000001
2094.0,0.018,1284,99,1.2000000000000002
2094.5,0.019,1284,99,0.6000000000000001
2095.0,0.018,1285,99,0.6000000000000001
2095.5,0.016,1285,99,0.6000000000000001
2096.0,0.018,1285,99,0.6000000000000001
2096.5,0.019,1286,100,0.6000000000000001
2097.0,0.018,1286,100,0.0
2097.5,0.018,1286,100,0.0
2098.0,0.018,1287,100,0.0
2098.5,0.018,1287,101,0.0
2099.0,0.023,1287,100,0.0
2099.5,0.021,1287,100,0.6000000000000001
2100.0,0.019,1288,100,0.0
2100.5,0.019,1288,100,0.0
2101.0,0.021,1288,100,0.0
2101.5,0.019,1289,101,0.0
2102.0,0.019,1289,100,0.0
2102.5,0.019,1289,100,0.0
2103.0,0.018,1290,99,0.0
2103.5,0.019,1290,99,0.0
2104.0,0.019,1290,99,0.0
2104.5,0.016,1290,98,0.0
2105.0,0.018,1291,98,0.0
2105.5,0.018,1291,98,0.0
2106.0,0.018,1291,98,0.0
2106.5,0.018,1292,98,0.0
2107.0,0.019,1292,98,0.0
2107.5,0.019,1292,99,0.0
2108.0,0.021,1293,99,0.0
2108.5,0.023,1293,98,0.0
2109.0,0.021,1293,98,0.0
2109.5,0.019,1293,98,0.0
2110.0,0.021,1294,98,0.0
2110.5,0.018,1294,99,0.0
2111.0,0.023,1294,99,0.0
2111.5,0.021,1295,100,0.0
2112.0,0.021,1295,100,0.0
2112.5,0.021,1295,101,0.0
2113.0,0.021,1296,101,0.0
2113.5,0.018,1296,101,0.0
2114.0,0.019,1296,100,0.0
2114.5,0.019,1296,100,0.0
2115.0,0.018,1297,100,0.0
2115.5,0.016,1297,100,0.0
2116.0,0.019,1297,100,0.0
2116.5,0.018,1298,99,0.0
2117.0,0.019,1298,99,0.6000000000000001
2117.5,0.019,1298,100,1.2000000000000002
2118.0,0.019,1299,100,0.6000000000000001
2118.5,0.019,1299,100,0.6000000000000001
2119.0,0.018,1299,100,0.0
2119.5,0.018,1299,99,0.0
2120.0,0.021,1300,99,0.0
2120.5,0.021,1300,99,0.0
2121.0,0.021,1300,99,0.6000000000000001
2121.5,0.021,1301,99,0.6000000000000001
2122.0,0.021,1301,99,0.6000000000000001
2122.5,0.019,1301,99,1.2000000000000002
2123.0,0.021,1302,99,1.2000000000000002
2123.5,0.019,1302,100,1.2000000000000002
2124.0,0.021,1302,100,1.2000000000000002
2124.5,0.021,1302,100,0.6000000000000001
2125.0,0.021,1303,100,0.6000000000000001
2125.5,0.019,1303,99,0.6000000000000001
2126.0,0.023,1303,99,0.6000000000000001
2126.5,0.019,1304,99,1.2000000000000002
2127.0,0.019,1304,99,1.2000000000000002
2127.5,0.019,1304,99,0.6000000000000001
2128.0,0.019,1304,100,0.6000000000000001
2128.5,0.018,1305,100,0.6000000000000001
2129.0,0.021,1305,100,1.2000000000000002
2129.5,0.021,1305,100,0.0
2130.0,0.019,1306,100,0.0
2130.5,0.021,1306,100,0.0
2131.0,0.021,1306,100,0.0
2131.5,0.019,1307,100,0.0
2132.0,0.021,1307,100,0.6000000000000001
2132.5,0.023,1307,100,0.0
2133.0,0.019,1308,100,0.0
2133.5,0.021,1308,100,0.0
2134.0,0.021,1308,101,0.0
2134.5,0.021,1309,101,0.0
2135.0,0.021,1309,100,0.0
2135.5,0.021,1309,100,0.0
2136.0,0.019,1309,99,0.0
2136.5,0.018,1310,99,0.0
2137.0,0.019,1310,98,0.0
2137.5,0.019,1310,98,0.0
2138.0,0.019,1311,98,0.0
2138.5,0.021,1311,98,0.0
2139.0,0.019,1311,98,0.0
2139.5,0.021,1311,98,0.0
2140.0,0.021,1312,98,0.0
2140.5,0.021,1312,99,0.0
2141.0,0.021,1312,98,0.0
2141.5,0.023,1313,98,0.0
2142.0,0.021,1313,98,0.0
2142.5,0.021,1313,98,0.0
2143.0,0.021,1314,98,0.0
2143.5,0.021,1314,100,0.0
2144.0,0.019,1314,99,0.0
2144.5,0.021,1314,100,0.0
2145.0,0.019,1315,101,0.0
2145.5,0.021,1315,101,0.0
2146.0,0.019,1315,101,0.0
2146.5,0.021,1316,101,0.0
2147.0,0.021,1316,100,0.0
2147.5,0.023,1316,100,0.0
2148.0,0.021,1317,100,0.0
2148.5,0.021,1317,100,0.0
2149.0,0.019,1317,99,0.0
2149.5,0.019,1317,99,0.6000000000000001
2150.0,0.021,1318,100,0.6000000000000001
2150.5,0.021,1318,100,0.6000000000000001
2151.0,0.021,1318,100,1.2000000000000002
2151.5,0.021,1319,100,0.0
2152.0,0.019,1319,99,0.0
2152.5,0.021,1319,99,0.0
2153.0,0.021,1320,99,0.0
2153.5,0.021,1320,99,0.0
2154.0,0.019,1320,99,0.6000000000000001
2154.5,0.021,1320,100,0.6000000000000001
2155.0,0.021,1321,100,1.2000000000000002
2155.5,0.021,1321,100,1.2000000000000002
2156.0,0.021,1321,100,1.2000000000000002
2156.5,0.021,1322,100,1.2000000000000002
2157.0,0.021,1322,100,0.6000000000000001
2157.5,0.021,1322,100,0.6000000000000001
2158.0,0.021,1323,100,0.6000000000000001
2158.5,0.021,1323,100,0.6000000000000001
2159.0,0.021,1323,100,1.2000000000000002
2159.5,0.021,1323,100,1.2000000000000002
2160.0,0.021,1324,100,0.6000000000000001
2160.5,0.023,1324,100,0.6000000000000001
2161.0,0.021,1324,100,0.6000000000000001
2161.5,0.021,1325,100,0.6000000000000001
2162.0,0.019,1325,100,0.0
2162.5,0.021,1325,100,0.0
2163.0,0.021,1326,100,0.0
2163.5,0.021,1326,100,0.0
2164.0,0.023,1326,101,0.0
2164.5,0.023,1326,100,0.0
2165.0,0.019,1327,100,0.0
2165.5,0.023,1327,100,0.0
2166.0,0.023,1327,100,0.0
2166.5,0.023,1328,101,0.0
2167.0,0.021,1328,101,0.0
2167.5,0.021,1328,100,0.0
2168.0,0.021,1329,100,0.0
2168.5,0.021,1329,99,0.0
2169.0,0.021,1329,99,0.0
2169.5,0.021,1329,98,0.0
2170.0,0.021,1330,98,0.0
2170.5,0.019,1330,98,0.0
2171.0,0.019,1330,98,0.0
2171.5,0.018,1331,98,0.0
2172.0,0.019,1331,98,0.0
2172.5,0.021,1331,98,0.0
2173.0,0.021,1332,98,0.0
2173.5,0.021,1332,99,0.0
2174.0,0.021,1332,98,0.0
2174.5,0.021,1332,99,0.0
2175.0,0.024,1333,99,0.0
2175.5,0.021,1333,99,0.0
2176.0,0.023,1333,99,0.0
2176.5,0.021,1334,99,0.0
2177.0,0.023,1334,100,0.0
2177.5,0.023,1334,100,0.0
2178.0,0.023,1335,101,0.0
2178.5,0.023,1335,101,0.0
2179.0,0.024,1335,100,0.0
2179.5,0.021,1335,100,0.0
2180.0,0.019,1336,100,0.0
2180.5,0.019,1336,100,0.0
2181.0,0.021,1336,100,0.0
2181.5,0.021,1337,99,0.0
2182.0,0.021,1337,99,0.0
2182.5,0.019,1337,100,0.6000000000000001
2183.0,0.021,1338,100,0.6000000000000001
2183.5,0.019,1338,100,0.6000000000000001
2184.0,0.021,1338,100,0.6000000000000001
2184.5,0.019,1338,99,0.0
2185.0,0.021,1339,99,0.0
2185.5,0.023,1339,99,0.0
2186.0,0.024,1339,99,0.0
2186.5,0.023,1340,99,0.6000000000000001
2187.0,0.023,1340,99,0.6000000000000001
2187.5,0.023,1340,99,0.6000000000000001
2188.0,0.023,1341,99,1.2000000000000002
2188.5,0.023,1341,100,1.2000000000000002
2189.0,0.024,1341,100,1.2000000000000002
2189.5,0.021,1342,100,0.6000000000000001
2190.0,0.021,1342,100,0.6000000000000001
2190.5,0.019,1342,100,0.6000000000000001
2191.0,0.023,1342,100,0.6000000000000001
2191.5,0.021,1343,100,0.6000000000000001
2192.0,0.023,1343,100,1.2000000000000002
2192.5,0.021,1343,99,0.6000000000000001
2193.0,0.021,1344,100,0.6000000000000001
2193.5,0.019,1344,100,0.6000000000000001
2194.0,0.021,1344,100,0.6000000000000001
2194.5,0.023,1344,100,0.0
2195.0,0.023,1345,100,0.0
2195.5,0.023,1345,100,0.0
2196.0,0.021,1345,100,0.0
2196.5,0.023,1346,101,0.0
2197.0,0.023,1346,100,0.6000000000000001
2197.5,0.024,1346,100,0.6000000000000001
2198.0,0.023,1347,100,0.0
2198.5,0.021,1347,100,0.0
2199.0,0.023,1347,101,0.0
2199.5,0.021,1348,101,0.0
2200.0,0.023,1348,101,0.0
2200.5,0.023,1348,101,0.0
2201.0,0.023,1348,100,0.0
2201.5,0.021,1349,100,0.0
2202.0,0.021,1349,99,0.0
2202.5,0.021,1349,99,0.0
2203.0,0.023,1350,98,0.0
2203.5,0.023,1350,98,0.0
2204.0,0.023,1350,98,0.0
2204.5,0.023,1351,98,0.0
2205.0,0.024,1351,98,0.0
2205.5,0.023,1351,98,0.0
2206.0,0.024,1351,99,0.0
2206.5,0.023,1352,98,0.0
2207.0,0.023,1352,98,0.0
2207.5,0.024,1352,98,0.0
2208.0,0.023,1353,99,0.0
2208.5,0.023,1353,99,0.0
2209.0,0.023,1353,99,0.0
2209.5,0.023,1353,100,0.0
2210.0,0.023,1354,100,0.0
2210.5,0.021,1354,101,0.0
2211.0,0.021,1354,101,0.0
2211.5,0.021,1355,101,0.0
2212.0,0.024,1355,101,0.0
2212.5,0.023,1355,100,0.0
2213.0,0.023,1356,100,0.0
2213.5,0.024,1356,100,0.0
2214.0,0.021,1356,99,0.0
2214.5,0.021,1357,99,0.0
2215.0,0.021,1357,100,0.6000000000000001
2215.5,0.021,1357,100,0.6000000000000001
2216.0,0.021,1357,100,0.6000000000000001
2216.5,0.024,1358,100,0.0
2217.0,0.021,1358,100,0.0
2217.5,0.023,1358,99,0.0
2218.0,0.023,1359,99,0.0
2218.5,0.023,1359,99,0.0
2219.0,0.021,1359,99,0.6000000000000001
2219.5,0.024,1359,99,0.6000000000000001
2220.0,0.023,1360,100,0.6000000000000001
2220.5,0.024,1360,99,1.2000000000000002
2221.0,0.023,1360,100,1.2000000000000002
2221.5,0.024,1361,100,1.2000000000000002
2222.0,0.023,1361,100,1.2000000000000002
2222.5,0.024,1361,100,0.6000000000000001
2223.0,0.021,1362,100,0.6000000000000001
2223.5,0.021,1362,99,0.6000000000000001
2224.0,0.021,1362,99,0.6000000000000001
2224.5,0.023,1362,100,1.2000000000000002
2225.0,0.023,1363,100,0.6000000000000001
2225.5,0.024,1363,99,0.6000000000000001
2226.0,0.021,1363,100,0.6000000000000001
2226.5,0.023,1364,100,0.6000000000000001
2227.0,0.023,1364,100,0.6000000000000001
2227.5,0.021,1364,100,0.0
2228.0,0.021,1365,100,0.0
2228.5,0.023,1365,100,0.0
2229.0,0.021,1365,100,0.0
2229.5,0.023,1366,100,0.0
2230.0,0.021,1366,100,0.6000000000000001
2230.5,0.023,1366,100,0.0
2231.0,0.021,1366,100,0.0
2231.5,0.024,1367,100,0.0
2232.0,0.021,1367,101,0.0
2232.5,0.021,1367,101,0.0
2233.0,0.019,1368,100,0.0
2233.5,0.023,1368,100,0.0
2234.0,0.021,1368,99,0.0
2234.5,0.023,1368,99,0.0
2235.0,0.021,1369,98,0.0
2235.5,0.021,1369,98,0.0
2236.0,0.021,1369,98,0.0
2236.5,0.021,1370,98,0.0
2237.0,0.021,1370,98,0.0
2237.5,0.021,1370,98,0.0
2238.0,0.023,1371,99,0.0
2238.5,0.021,1371,99,0.0
2239.0,0.021,1371,99,0.0
2239.5,0.023,1372,99,0.0
2240.0,0.021,1372,99,0.0
2240.5,0.023,1372,99,0.0
2241.0,0.023,1372,99,0.0
2241.5,0.021,1373,100,0.0
2242.0,0.023,1373,100,0.0
2242.5,0.023,1373,101,0.0
2243.0,0.023,1374,101,0.0
2243.5,0.023,1374,101,0.0
2244.0,0.023,1374,101,0.0
2244.5,0.021,1375,101,0.0
2245.0,0.021,1375,101,0.0
2245.5,0.021,1375,101,0.0
2246.0,0.019,1375,100,0.0
2246.5,0.023,1376,100,0.0
2247.0,0.021,1376,100,0.0
2247.5,0.021,1376,100,0.6000000000000001
2248.0,0.023,1377,100,1.2000000000000002
2248.5,0.023,1377,100,0.6000000000000001
2249.0,0.021,1377,100,0.6000000000000001
2249.5,0.021,1378,100,0.0
2250.0,0.021,1378,99,0.0
2250.5,0.021,1378,99,0.0
2251.0,0.023,1378,99,0.0
2251.5,0.023,1379,99,0.0
2252.0,0.023,1379,99,0.6000000000000001
2252.5,0.021,1379,100,0.6000000000000001
2253.0,0.021,1380,100,1.2000000000000002
2253.5,0.019,1380,100,1.2000000000000002
2254.0,0.021,1380,100,1.2000000000000002
2254.5,0.023,1381,100,1.2000000000000002
2255.0,0.024,1381,100,0.6000000000000001
2255.5,0.023,1381,100,0.6000000000000001
2256.0,0.023,1382,100,0.6000000000000001
2256.5,0.021,1382,100,0.6000000000000001
2257.0,0.023,1382,100,1.2000000000000002
2257.5,0.023,1382,100,0.6000000000000001
2258.0,0.019,1383,99,0.6000000000000001
2258.5,0.021,1383,99,0.6000000000000001
2259.0,0.021,1383,100,0.6000000000000001
2259.5,0.023,1384,100,0.6000000000000001
2260.0,0.024,1384,100,0.0
2260.5,0.023,1384,100,0.0
2261.0,0.023,1384,100,0.0
2261.5,0.023,1385,100,0.0
2262.0,0.023,1385,100,0.0
2262.5,0.021,1385,100,0.6000000000000001
2263.0,0.023,1386,100,0.0
2263.5,0.023,1386,100,0.0
2264.0,0.023,1386,100,0.0
2264.5,0.021,1387,101,0.0
2265.0,0.023,1387,101,0.0
2265.5,0.021,1387,100,0.0
2266.0,0.023,1387,100,0.0
2266.5,0.019,1388,99,0.0
2267.0,0.021,1388,99,0.0
2267.5,0.019,1388,98,0.0
2268.0,0.021,1389,98,0.0
2268.5,0.021,1389,98,0.0
2269.0,0.024,1389,98,0.0
2269.5,0.021,1390,98,0.0
2270.0,0.023,1390,98,0.0
2270.5,0.023,1390,98,0.0
2271.0,0.023,1390,99,0.0
2271.5,0.021,1391,98,0.0
2272.0,0.024,1391,98,0.0
2272.5,0.024,1391,99,0.0
2273.0,0.026,1392,98,0.0
2273.5,0.023,1392,99,0.0
2274.0,0.024,1392,100,0.0
2274.5,0.023,1392,99,0.0
2275.0,0.024,1393,100,0.0
2275.5,0.023,1393,101,0.0
2276.0,0.023,1393,101,0.0
2276.5,0.023,1394,101,0.0
2277.0,0.024,1394,101,0.0
2277.5,0.023,1394,100,0.0
2278.0,0.024,1395,100,0.0
2278.5,0.021,1395,100,0.0
2279.0,0.023,1395,100,0.0
2279.5,0.021,1396,99,0.0
2280.0,0.021,1396,99,0.0
2280.5,0.021,1396,100,0.6000000000000001
2281.0,0.024,1396,100,0.6000000000000001
2281.5,0.023,1397,100,0.6000000000000001
2282.0,0.023,1397,100,0.6000000000000001
2282.5,0.021,1397,99,0.0
2283.0,0.021,1398,99,0.0
2283.5,0.021,1398,99,0.0
2284.0,0.021,1398,99,0.6000000000000001
2284.5,0.023,1399,99,0.6000000000000001
2285.0,0.021,1399,99,0.6000000000000001
2285.5,0.024,1399,99,1.2000000000000002
2286.0,0.023,1399,99,1.2000000000000002
2286.5,0.023,1400,100,1.2000000000000002
2287.0,0.023,1400,100,1.2000000000000002
2287.5,0.023,1400,100,0.6000000000000001
2288.0,0.023,1401,100,0.6000000000000001
2288.5,0.023,1401,99,0.6000000000000001
2289.0,0.023,1401,99,0.0
2289.5,0.024,1402,99,0.6000000000000001
2290.0,0.024,1402,99,1.2000000000000002
2290.5,0.024,1402,99,0.6000000000000001
2291.0,0.021,1402,99,0.6000000000000001
2291.5,0.024,1403,99,0.6000000000000001
2292.0,0.023,1403,99,0.6000000000000001
2292.5,0.023,1403,100,0.0
2293.0,0.023,1404,100,0.0
2293.5,0.023,1404,100,0.0
2294.0,0.023,1404,100,0.0
2294.5,0.026,1405,100,0.0
2295.0,0.023,1405,99,0.0
2295.5,0.024,1405,100,0.6000000000000001
2296.0,0.023,1405,100,0.0
2296.5,0.023,1406,100,0.0
2297.0,0.021,1406,100,0.0
2297.5,0.023,1406,101,0.0
2298.0,0.021,1407,100,0.0
2298.5,0.024,1407,100,0.0
2299.0,0.023,1407,99,0.0
2299.5,0.023,1408,99,0.0
2300.0,0.021,1408,99,0.0
2300.5,0.023,1408,98,0.0
2301.0,0.023,1408,98,0.0
2301.5,0.023,1409,98,0.0
2302.0,0.021,1409,98,0.0
2302.5,0.024,1409,98,0.0
2303.0,0.024,1410,98,0.0
2303.5,0.024,1410,99,0.0
2304.0,0.024,1410,99,0.0
2304.5,0.023,1411,98,0.0
2305.0,0.021,1411,98,0.0
2305.5,0.023,1411,98,0.0
2306.0,0.021,1411,99,0.0
2306.5,0.024,1412,99,0.0
2307.0,0.026,1412,99,0.0
2307.5,0.024,1412,100,0.0
2308.0,0.026,1413,100,0.0
2308.5,0.024,1413,101,0.0
2309.0,0.024,1413,101,0.0
2309.5,0.024,1414,101,0.0
2310.0,0.023,1414,100,0.0
2310.5,0.021,1414,100,0.0
2311.0,0.019,1414,100,0.0
2311.5,0.023,1415,100,0.0
2312.0,0.023,1415,99,0.0
2312.5,0.023,1415,99,0.0
2313.0,0.023,1416,100,0.6000000000000001
2313.5,0.021,1416,100,0.6000000000000001
2314.0,0.021,1416,100,0.6000000000000001
2314.5,0.021,1416,100,0.6000000000000001
2315.0,0.021,1417,99,0.0
2315.5,0.021,1417,99,0.0
2316.0,0.023,1417,99,0.0
2316.5,0.023,1418,98,0.0
2317.0,0.023,1418,98,0.6000000000000001
2317.5,0.023,1418,99,0.6000000000000001
2318.0,0.021,1419,99,0.6000000000000001
2318.5,0.021,1419,99,1.2000000000000002
2319.0,0.019,1419,100,1.2000000000000002
2319.5,0.021,1420,100,1.2000000000000002
2320.0,0.024,1420,100,1.2000000000000002
2320.5,0.023,1420,99,0.6000000000000001
2321.0,0.023,1420,99,0.6000000000000001
2321.5,0.023,1421,99,0.6000000000000001
2322.0,0.023,1421,99,0.6000000000000001
2322.5,0.021,1421,99,1.2000000000000002
2323.0,0.021,1422,99,0.6000000000000001
2323.5,0.021,1422,99,0.6000000000000001
2324.0,0.019,1422,99,0.6000000000000001
2324.5,0.021,1423,99,0.6000000000000001
2325.0,0.024,1423,100,0.6000000000000001
2325.5,0.023,1423,100,0.0
2326.0,0.023,1423,99,0.0
2326.5,0.023,1424,100,0.0
2327.0,0.021,1424,100,0.0
2327.5,0.021,1424,100,0.0
2328.0,0.023,1425,100,0.6000000000000001
2328.5,0.023,1425,100,0.0
2329.0,0.026,1425,100,0.0
2329.5,0.024,1425,100,0.0
2330.0,0.024,1426,100,0.0
2330.5,0.023,1426,100,0.0
2331.0,0.023,1426,100,0.0
2331.5,0.021,1427,99,0.0
2332.0,0.021,1427,99,0.0
2332.5,0.021,1427,99,0.0
2333.0,0.021,1428,98,0.0
2333.5,0.021,1428,98,0.0
2334.0,0.023,1428,98,0.0
2334.5,0.023,1429,98,0.0
2335.0,0.023,1429,98,0.0
2335.5,0.023,1429,98,0.0
2336.0,0.023,1429,99,0.0
2336.5,0.021,1430,99,0.0
2337.0,0.023,1430,99,0.0
2337.5,0.023,1430,99,0.0
2338.0,0.024,1431,98,0.0
2338.5,0.024,1431,98,0.0
2339.0,0.023,1431,99,0.0
2339.5,0.023,1431,100,0.0
2340.0,0.023,1432,100,0.0
2340.5,0.023,1432,100,0.0
2341.0,0.024,1432,101,0.0
2341.5,0.023,1433,101,0.0
2342.0,0.024,1433,101,0.0
2342.5,0.023,1433,101,0.0
2343.0,0.023,1434,101,0.0
2343.5,0.021,1434,100,0.0
2344.0,0.019,1434,100,0.0
2344.5,0.021,1435,100,0.0
2345.0,0.021,1435,100,0.0
2345.5,0.019,1435,100,0.6000000000000001
2346.0,0.021,1435,101,0.6000000000000001
2346.5,0.023,1436,101,0.6000000000000001
2347.0,0.024,1436,100,0.0
2347.5,0.024,1436,100,0.0
2348.0,0.023,1437,99,0.0
2348.5,0.023,1437,99,0.0
2349.0,0.021,1437,99,0.0
2349.5,0.019,1438,99,0.0
2350.0,0.021,1438,99,0.6000000000000001
2350.5,0.021,1438,100,0.6000000000000001
2351.0,0.023,1438,100,1.2000000000000002
2351.5,0.024,1439,100,1.2000000000000002
2352.0,0.023,1439,100,1.2000000000000002
2352.5,0.021,1439,100,1.2000000000000002
2353.0,0.021,1440,100,1.2000000000000002
2353.5,0.021,1440,100,0.6000000000000001
2354.0,0.021,1440,100,0.0
2354.5,0.023,1440,100,0.6000000000000001
2355.0,0.023,1441,100,0.6000000000000001
2355.5,0.023,1441,100,0.6000000000000001
2356.0,0.023,1441,99,0.6000000000000001
2356.5,0.021,1442,100,0.6000000000000001
2357.0,0.019,1442,100,0.6000000000000001
2357.5,0.021,1442,100,0.6000000000000001
2358.0,0.019,1443,100,0.0
2358.5,0.019,1443,100,0.0
2359.0,0.019,1443,100,0.0
2359.5,0.024,1444,100,0.0
2360.0,0.023,1444,100,0.0
2360.5,0.024,1444,100,0.6000000000000001
2361.0,0.023,1445,100,0.0
2361.5,0.021,1445,100,0.0
2362.0,0.019,1445,100,0.0
2362.5,0.021,1445,100,0.0
2363.0,0.021,1446,100,0.0
2363.5,0.023,1446,100,0.0
2364.0,0.024,1446,100,0.0
2364.5,0.023,1447,99,0.0
2365.0,0.019,1447,99,0.0
2365.5,0.021,1447,98,0.0
2366.0,0.019,1447,98,0.0
2366.5,0.021,1448,98,0.0
2367.0,0.021,1448,98,0.0
2367.5,0.021,1448,98,0.0
2368.0,0.023,1449,98,0.0
2368.5,0.024,1449,98,0.0
2369.0,0.023,1449,98,0.0
2369.5,0.021,1450,98,0.0
2370.0,0.021,1450,98,0.0
2370.5,0.021,1450,99,0.0
2371.0,0.019,1450,99,0.0
2371.5,0.021,1451,98,0.0
2372.0,0.021,1451,100,0.0
2372.5,0.021,1451,100,0.0
2373.0,0.021,1452,100,0.0
2373.5,0.023,1452,101,0.0
2374.0,0.023,1452,101,0.0
2374.5,0.026,1453,101,0.0
2375.0,0.021,1453,101,0.0
2375.5,0.019,1453,100,0.0
2376.0,0.019,1453,100,0.0
2376.5,0.019,1454,100,0.0
2377.0,0.019,1454,100,0.0
2377.5,0.023,1454,99,0.0
2378.0,0.019,1455,100,0.6000000000000001
2378.5,0.019,1455,100,0.6000000000000001
2379.0,0.019,1455,100,0.6000000000000001
2379.5,0.021,1456,100,0.6000000000000001
2380.0,0.021,1456,100,0.6000000000000001
2380.5,0.021,1456,100,0.0
2381.0,0.021,1456,99,0.0
2381.5,0.021,1457,99,0.0
2382.0,0.021,1457,99,0.6000000000000001
2382.5,0.021,1457,99,0.6000000000000001
2383.0,0.021,1458,100,0.6000000000000001
2383.5,0.021,1458,100,1.2000000000000002
2384.0,0.019,1458,100,1.2000000000000002
2384.5,0.018,1459,100,1.2000000000000002
2385.0,0.021,1459,100,1.2000000000000002
2385.5,0.019,1459,100,1.2000000000000002
2386.0,0.021,1459,100,0.6000000000000001
2386.5,0.021,1460,100,0.6000000000000001
2387.0,0.021,1460,100,0.6000000000000001
2387.5,0.019,1460,100,0.6000000000000001
2388.0,0.019,1461,100,0.6000000000000001
2388.5,0.019,1461,100,0.6000000000000001
2389.0,0.021,1461,100,0.6000000000000001
2389.5,0.021,1462,100,0.6000000000000001
2390.0,0.019,1462,100,0.6000000000000001
2390.5,0.018,1462,100,0.0
2391.0,0.018,1462,100,0.0
2391.5,0.018,1463,100,0.0
2392.0,0.018,1463,100,0.0
2392.5,0.021,1463,101,0.0
2393.0,0.021,1464,100,0.0
2393.5,0.021,1464,100,0.0
2394.0,0.024,1464,100,0.0
2394.5,0.026,1465,100,0.0
2395.0,0.024,1465,100,0.0
2395.5,0.026,1465,101,0.0
2396.0,0.021,1465,100,0.0
2396.5,0.018,1466,100,0.0
2397.0,0.018,1466,99,0.0
2397.5,0.018,1466,99,0.0
2398.0,0.016,1467,99,0.0
2398.5,0.016,1467,98,0.0
2399.0,0.018,1467,98,0.0
2399.5,0.018,1468,98,0.0
2400.0,0.019,1468,98,0.0
2400.5,0.019,1468,98,0.0
2401.0,0.021,1469,99,0.0
2401.5,0.021,1469,99,0.0
2402.0,0.019,1469,99,0.0
2402.5,0.021,1469,98,0.0
2403.0,0.021,1470,99,0.0
2403.5,0.021,1470,99,0.0
2404.0,0.021,1470,99,0.0
2404.5,0.023,1471,99,0.0
2405.0,0.023,1471,100,0.0
2405.5,0.021,1471,100,0.0
2406.0,0.021,1471,100,0.0
2406.5,0.023,1472,101,0.0
2407.0,0.023,1472,101,0.0
2407.5,0.021,1472,100,0.0
2408.0,0.021,1473,100,0.0
2408.5,0.018,1473,100,0.0
2409.0,0.016,1473,100,0.0
2409.5,0.015,1474,100,0.0
2410.0,0.016,1474,99,0.0
2410.5,0.016,1474,99,0.0
2411.0,0.016,1474,100,0.6000000000000001
2411.5,0.018,1475,100,0.6000000000000001
2412.0,0.019,1475,100,0.6000000000000001
2412.5,0.021,1475,100,0.0
2413.0,0.021,1476,99,0.0
2413.5,0.021,1476,99,0.0
2414.0,0.019,1476,99,0.0
2414.5,0.019,1477,99,0.0
2415.0,0.018,1477,99,0.6000000000000001
2415.5,0.019,1477,99,0.6000000000000001
2416.0,0.021,1478,99,0.6000000000000001
2416.5,0.021,1478,99,1.2000000000000002
2417.0,0.019,1478,100,1.2000000000000002
2417.5,0.019,1478,100,1.2000000000000002
2418.0,0.018,1479,100,0.6000000000000001
2418.5,0.019,1479,100,0.6000000000000001
2419.0,0.019,1479,100,0.6000000000000001
2419.5,0.019,1480,99,0.6000000000000001
2420.0,0.021,1480,100,0.6000000000000001
2420.5,0.019,1480,99,1.2000000000000002
2421.0,0.021,1480,99,0.6000000000000001
2421.5,0.019,1481,99,0.6000000000000001
2422.0,0.019,1481,99,0.6000000000000001
2422.5,0.019,1481,99,0.6000000000000001
2423.0,0.021,1483,100,0.6000000000000001
2423.5,0.021,1484,100,0.0
2424.0,0.019,1484,100,0.0
2424.5,0.019,1484,101,0.0
2425.0,0.018,1485,101,0.0
2425.5,0.021,1485,101,0.0
2426.0,0.021,1485,100,0.0
2426.5,0.021,1486,100,0.0
2427.0,0.023,1486,99,0.0
2427.5,0.021,1486,99,0.0
2428.0,0.019,1487,98,0.0
2428.5,0.021,1487,98,0.0
2429.0,0.019,1487,98,0.0
2429.5,0.019,1487,98,0.0
2430.0,0.019,1488,98,0.0
2430.5,0.019,1488,98,0.0
2431.0,0.019,1488,98,0.0
2431.5,0.019,1489,98,0.0
2432.0,0.019,1489,98,0.0
2432.5,0.019,1489,98,0.0
2433.0,0.019,1489,98,0.0
2433.5,0.019,1490,98,0.0
2434.0,0.019,1490,99,0.0
2434.5,0.019,1490,99,0.0
2435.0,0.019,1491,99,0.0
2435.5,0.019,1491,100,0.0
2436.0,0.021,1491,100,0.0
2436.5,0.021,1492,100,0.0
2437.0,0.019,1492,100,0.0
2437.5,0.019,1492,100,0.0
2438.0,0.019,1493,100,0.0
2438.5,0.019,1493,100,0.0
2439.0,0.019,1493,99,0.0
2439.5,0.019,1493,99,0.0
2440.0,0.019,1494,99,0.0
2440.5,0.021,1494,99,0.6000000000000001
2441.0,0.019,1494,100,0.6000000000000001
2441.5,0.021,1495,99,0.6000000000000001
2442.0,0.018,1495,99,0.6000000000000001
2442.5,0.021,1495,99,0.0
2443.0,0.019,1495,98,0.0
2443.5,0.023,1496,98,0.0
2444.0,0.021,1496,98,0.0
2444.5,0.021,1496,98,0.6000000000000001
2445.0,0.019,1497,99,0.6000000000000001
2445.5,0.019,1497,99,0.6000000000000001
2446.0,0.019,1497,99,1.2000000000000002
2446.5,0.021,1498,99,1.2000000000000002
2447.0,0.019,1498,100,1.2000000000000002
2447.5,0.021,1498,100,1.2000000000000002
2448.0,0.021,1498,99,1.2000000000000002
2448.5,0.021,1499,100,0.6000000000000001
2449.0,0.021,1499,99,0.6000000000000001
2449.5,0.021,1499,99,0.6000000000000001
2450.0,0.021,1500,99,1.2000000000000002
2450.5,0.019,1500,99,0.6000000000000001
2451.0,0.019,1500,99,0.6000000000000001
2451.5,0.018,1501,100,0.6000000000000001
2452.0,0.019,1501,100,0.6000000000000001
2452.5,0.019,1501,100,0.6000000000000001
2453.0,0.019,1501,100,0.0
2453.5,0.021,1502,100,0.0
2454.0,0.021,1502,100,0.0
2454.5,0.019,1502,100,0.0
2455.0,0.021,1503,100,0.0
2455.5,0.021,1503,100,0.6000000000000001
2456.0,0.021,1503,100,0.0
2456.5,0.019,1504,100,0.0
2457.0,0.021,1504,100,0.0
2457.5,0.018,1504,100,0.0
2458.0,0.019,1504,100,0.0
2458.5,0.019,1505,100,0.0
2459.0,0.021,1505,100,0.0
2459.5,0.019,1505,99,0.0
2460.0,0.021,1506,99,0.0
2460.5,0.019,1506,98,0.0
2461.0,0.019,1506,98,0.0
2461.5,0.018,1507,98,0.0
2462.0,0.019,1507,98,0.0
2462.5,0.018,1507,98,0.0
2463.0,0.019,1507,98,0.0
2463.5,0.018,1508,98,0.0
2464.0,0.019,1508,99,0.0
2464.5,0.018,1508,99,0.0
2465.0,0.023,1509,99,0.0
2465.5,0.021,1509,99,0.0
2466.0,0.023,1509,98,0.0
2466.5,0.021,1509,99,0.0
2467.0,0.023,1510,100,0.0
2467.5,0.021,1510,99,0.0
2468.0,0.023,1510,100,0.0
2468.5,0.023,1511,101,0.0
2469.0,0.023,1511,101,0.0
2469.5,0.021,1511,101,0.0
2470.0,0.021,1512,101,0.0
2470.5,0.019,1512,100,0.0
2471.0,0.019,1512,100,0.0
2471.5,0.018,1513,100,0.0
2472.0,0.019,1513,100,0.0
2472.5,0.018,1513,99,0.0
2473.0,0.019,1513,100,0.0
2473.5,0.018,1514,100,0.6000000000000001
2474.0,0.019,1514,100,0.6000000000000001
2474.5,0.019,1514,100,0.0
2475.0,0.019,1515,100,0.0
2475.5,0.019,1515,100,0.0
2476.0,0.019,1515,99,0.0
2476.5,0.018,1516,99,0.0
2477.0,0.019,1516,99,0.0
2477.5,0.019,1516,99,0.6000000000000001
2478.0,0.021,1516,100,0.6000000000000001
2478.5,0.019,1517,100,0.6000000000000001
2479.0,0.023,1517,100,1.2000000000000002
2479.5,0.021,1517,100,1.2000000000000002
2480.0,0.021,1518,100,1.2000000000000002
2480.5,0.021,1518,101,0.6000000000000001
2481.0,0.021,1518,100,0.6000000000000001
2481.5,0.019,1519,100,0.6000000000000001
2482.0,0.021,1519,100,0.6000000000000001
2482.5,0.019,1519,100,0.6000000000000001
2483.0,0.019,1519,100,0.6000000000000001
2483.5,0.019,1520,100,0.6000000000000001
2484.0,0.019,1520,99,0.6000000000000001
2484.5,0.019,1520,99,0.6000000000000001
2485.0,0.019,1521,100,0.6000000000000001
2485.5,0.019,1521,100,0.0
2486.0,0.019,1521,100,0.0
2486.5,0.019,1522,100,0.0
2487.0,0.019,1522,100,0.0
2487.5,0.019,1522,100,0.0
2488.0,0.021,1523,100,0.0
2488.5,0.021,1523,100,0.0
2489.0,0.018,1523,100,0.0
2489.5,0.019,1523,100,0.0
2490.0,0.018,1524,101,0.0
2490.5,0.019,1524,101,0.0
2491.0,0.019,1524,101,0.0
2491.5,0.019,1525,100,0.0
2492.0,0.019,1525,99,0.0
2492.5,0.019,1525,99,0.0
2493.0,0.019,1526,99,0.0
2493.5,0.019,1526,98,0.0
2494.0,0.018,1526,98,0.0
2494.5,0.019,1527,98,0.0
2495.0,0.021,1527,98,0.0
2495.5,0.021,1527,99,0.0
2496.0,0.021,1528,99,0.0
2496.5,0.019,1528,99,0.0
2497.0,0.019,1528,98,0.0
2497.5,0.021,1528,99,0.0
2498.0,0.019,1529,99,0.0
2498.5,0.019,1529,99,0.0
2499.0,0.019,1529,100,0.0
2499.5,0.019,1530,100,0.0
2500.0,0.019,1530,100,0.0
2500.5,0.021,1530,101,0.0
2501.0,0.021,1531,101,0.0
2501.5,0.019,1531,101,0.0
2502.0,0.021,1531,101,0.0
2502.5,0.018,1532,100,0.0
2503.0,0.019,1532,100,0.0
2503.5,0.021,1532,100,0.0
2504.0,0.021,1532,100,0.0
2504.5,0.021,1533,99,0.0
2505.0,0.019,1533,99,0.6000000000000001
2505.5,0.018,1533,100,0.6000000000000001
2506.0,0.019,1534,101,0.6000000000000001
2506.5,0.019,1534,100,0.6000000000000001
2507.0,0.019,1534,100,0.0
2507.5,0.019,1534,99,0.0
2508.0,0.021,1535,99,0.0
2508.5,0.018,1535,99,0.0
2509.0,0.021,1535,99,0.0
2509.5,0.019,1536,99,0.6000000000000001
2510.0,0.019,1536,100,0.6000000000000001
2510.5,0.019,1536,100,0.6000000000000001
2511.0,0.019,1537,100,1.2000000000000002
2511.5,0.019,1537,100,1.2000000000000002
2512.0,0.021,1537,100,1.2000000000000002
2512.5,0.019,1537,100,0.6000000000000001
2513.0,0.019,1538,100,0.6000000000000001
2513.5,0.018,1538,100,0.0
2514.0,0.018,1538,100,0.6000000000000001
2514.5,0.018,1539,100,0.6000000000000001
2515.0,0.019,1539,100,1.2000000000000002
2515.5,0.018,1539,99,0.6000000000000001
2516.0,0.019,1540,99,0.6000000000000001
2516.5,0.019,1540,100,0.6000000000000001
2517.0,0.021,1540,100,0.6000000000000001
2517.5,0.021,1541,100,0.0
2518.0,0.019,1541,100,0.0
2518.5,0.019,1541,100,0.0
2519.0,0.019,1541,100,0.0
2519.5,0.018,1542,101,0.0
2520.0,0.019,1542,100,0.0
2520.5,0.019,1542,100,0.0
2521.0,0.021,1543,100,0.0
2521.5,0.019,1543,100,0.0
2522.0,0.019,1543,100,0.0
2522.5,0.018,1544,101,0.0
2523.0,0.019,1544,100,0.0
2523.5,0.019,1544,100,0.0
2524.0,0.018,1544,99,0.0
2524.5,0.019,1545,99,0.0
2525.0,0.019,1545,98,0.0
2525.5,0.018,1545,98,0.0
2526.0,0.019,1546,98,0.0
2526.5,0.019,1546,98,0.0
2527.0,0.019,1546,98,0.0
2527.5,0.019,1547,98,0.0
2528.0,0.019,1547,98,0.0
2528.5,0.019,1547,98,0.0
2529.0,0.019,1547,99,0.0
2529.5,0.021,1548,98,0.0
2530.0,0.019,1548,98,0.0
2530.5,0.019,1548,98,0.0
2531.0,0.018,1549,99,0.0
2531.5,0.019,1549,99,0.0
2532.0,0.021,1549,99,0.0
2532.5,0.021,1550,99,0.0
2533.0,0.023,1550,100,0.0
2533.5,0.023,1550,100,0.0
2534.0,0.023,1550,101,0.0
2534.5,0.023,1551,100,0.0
2535.0,0.021,1551,100,0.0
2535.5,0.018,1551,100,0.0
2536.0,0.018,1552,100,0.0
2536.5,0.019,1552,100,0.0
2537.0,0.018,1552,99,0.0
2537.5,0.018,1552,99,0.0
2538.0,0.019,1553,99,0.6000000000000001
2538.5,0.018,1553,100,0.6000000000000001
2539.0,0.018,1553,100,0.6000000000000001
2539.5,0.019,1554,100,0.0
2540.0,0.019,1554,100,0.0
2540.5,0.019,1554,99,0.0
2541.0,0.019,1555,99,0.0
2541.5,0.019,1555,99,0.0
2542.0,0.019,1555,99,0.0
2542.5,0.024,1556,99,1.2000000000000002
2543.0,0.023,1556,100,1.2000000000000002
2543.5,0.019,1557,100,1.2000000000000002
2544.0,0.018,1557,100,0.6000000000000001
2544.5,0.021,1557,100,0.6000000000000001
2545.0,0.018,1558,100,0.6000000000000001
2545.5,0.019,1558,99,0.0
2546.0,0.018,1558,100,0.6000000000000001
2546.5,0.019,1558,100,0.6000000000000001
2547.0,0.018,1559,100,0.6000000000000001
2547.5,0.019,1559,99,0.6000000000000001
2548.0,0.018,1559,100,0.6000000000000001
2548.5,0.019,1560,100,0.6000000000000001
2549.0,0.019,1560,100,0.0
2549.5,0.019,1560,100,0.0
2550.0,0.018,1561,100,0.0
2550.5,0.021,1561,100,0.0
2551.0,0.021,1561,100,0.0
2551.5,0.021,1562,101,0.0
2552.0,0.021,1562,100,0.6000000000000001
2552.5,0.023,1562,100,0.0
2553.0,0.019,1562,100,0.0
2553.5,0.021,1563,101,0.0
2554.0,0.019,1563,101,0.0
2554.5,0.021,1563,101,0.0
2555.0,0.018,1564,100,0.0
2555.5,0.018,1564,99,0.0
2556.0,0.018,1564,99,0.0
2556.5,0.021,1565,99,0.0
2557.0,0.018,1565,98,0.0
2557.5,0.019,1565,98,0.0
2558.0,0.018,1565,98,0.0
2558.5,0.019,1566,98,0.0
2559.0,0.018,1566,98,0.0
2559.5,0.021,1566,98,0.0
2560.0,0.021,1567,98,0.0
2560.5,0.021,1567,98,0.0
2561.0,0.019,1567,98,0.0
2561.5,0.019,1567,98,0.0
2562.0,0.018,1568,98,0.0
2562.5,0.021,1568,98,0.0
2563.0,0.019,1568,99,0.0
2563.5,0.021,1569,99,0.0
2564.0,0.023,1569,99,0.0
2564.5,0.021,1569,100,0.0
2565.0,0.019,1570,100,0.0
2565.5,0.019,1570,100,0.0
2566.0,0.019,1570,101,0.0
2566.5,0.019,1571,100,0.0
2567.0,0.021,1571,100,0.0
2567.5,0.021,1571,100,0.0
2568.0,0.019,1571,100,0.0
2568.5,0.018,1572,99,0.0
2569.0,0.019,1572,99,0.0
2569.5,0.016,1572,99,0.6000000000000001
2570.0,0.019,1573,100,0.6000000000000001
2570.5,0.018,1573,100,1.2000000000000002
2571.0,0.018,1573,100,0.6000000000000001
2571.5,0.021,1573,100,0.6000000000000001
2572.0,0.019,1574,99,0.0
2572.5,0.018,1574,99,0.0
2573.0,0.021,1574,99,0.6000000000000001
2573.5,0.019,1575,99,0.6000000000000001
2574.0,0.018,1575,99,0.6000000000000001
2574.5,0.019,1575,99,0.6000000000000001
2575.0,0.019,1576,99,1.2000000000000002
2575.5,0.018,1576,100,1.2000000000000002
2576.0,0.023,1576,100,1.2000000000000002
2576.5,0.021,1576,100,1.2000000000000002
2577.0,0.021,1577,100,0.6000000000000001
2577.5,0.019,1577,100,0.6000000000000001
2578.0,0.019,1577,100,0.6000000000000001
2578.5,0.019,1578,100,0.6000000000000001
2579.0,0.021,1578,100,0.6000000000000001
2579.5,0.019,1578,100,0.6000000000000001
2580.0,0.018,1579,100,0.6000000000000001
2580.5,0.018,1579,100,0.6000000000000001
2581.0,0.019,1579,100,0.6000000000000001
2581.5,0.019,1580,100,0.6000000000000001
2582.0,0.021,1580,100,0.0
2582.5,0.019,1580,100,0.0
2583.0,0.021,1580,100,0.0
2583.5,0.018,1581,100,0.0
2584.0,0.019,1581,100,0.0
2584.5,0.019,1581,100,0.0
2585.0,0.021,1582,100,0.0
2585.5,0.021,1582,100,0.0
2586.0,0.019,1582,100,0.0
2586.5,0.018,1582,100,0.0
2587.0,0.019,1583,101,0.0
2587.5,0.018,1583,100,0.0
2588.0,0.019,1583,100,0.0
2588.5,0.018,1584,99,0.0
2589.0,0.018,1584,99,0.0
2589.5,0.016,1584,98,0.0
2590.0,0.018,1585,98,0.0
2590.5,0.019,1585,98,0.0
2591.0,0.019,1585,98,0.0
2591.5,0.018,1586,98,0.0
2592.0,0.019,1586,98,0.0
2592.5,0.019,1586,98,0.0
2593.0,0.019,1586,99,0.0
2593.5,0.021,1587,99,0.0
2594.0,0.019,1587,98,0.0
2594.5,0.019,1587,98,0.0
2595.0,0.018,1588,98,0.0
2595.5,0.018,1588,98,0.0
2596.0,0.018,1588,99,0.0
2596.5,0.019,1588,99,0.0
2597.0,0.019,1589,100,0.0
2597.5,0.019,1589,100,0.0
2598.0,0.021,1589,101,0.0
2598.5,0.021,1590,101,0.0
2599.0,0.021,1590,100,0.0
2599.5,0.019,1590,100,0.0
2600.0,0.019,1591,100,0.0
2600.5,0.018,1591,100,0.0
2601.0,0.019,1591,99,0.0
2601.5,0.019,1591,99,0.0
2602.0,0.018,1592,99,0.0
2602.5,0.018,1592,99,0.6000000000000001
2603.0,0.019,1592,100,0.6000000000000001
2603.5,0.019,1593,100,0.6000000000000001
2604.0,0.018,1593,100,0.6000000000000001
2604.5,0.021,1593,99,0.0
2605.0,0.021,1594,99,0.0
2605.5,0.018,1594,99,0.0
2606.0,0.019,1594,99,0.0
2606.5,0.021,1594,99,0.6000000000000001
2607.0,0.019,1595,99,0.6000000000000001
2607.5,0.023,1595,99,0.6000000000000001
2608.0,0.021,1595,99,1.2000000000000002
2608.5,0.019,1596,100,1.2000000000000002
2609.0,0.019,1596,100,1.2000000000000002
2609.5,0.019,1596,100,1.2000000000000002
2610.0,0.019,1597,100,0.6000000000000001
2610.5,0.023,1597,100,0.0
2611.0,0.023,1597,99,0.6000000000000001
2611.5,0.019,1597,99,0.6000000000000001
2612.0,0.019,1598,99,1.2000000000000002
2612.5,0.019,1598,99,0.6000000000000001
2613.0,0.018,1598,99,0.6000000000000001
2613.5,0.021,1599,99,0.6000000000000001
2614.0,0.019,1599,100,0.6000000000000001
2614.5,0.018,1599,100,0.6000000000000001
2615.0,0.018,1600,100,0.0
2615.5,0.019,1600,100,0.0
2616.0,0.019,1600,100,0.0
2616.5,0.023,1601,100,0.0
2617.0,0.019,1601,100,0.0
2617.5,0.019,1601,100,0.6000000000000001
2618.0,0.019,1601,99,0.0
2618.5,0.019,1602,100,0.0
2619.0,0.021,1602,100,0.0
2619.5,0.024,1602,100,0.0
2620.0,0.021,1603,100,0.0
2620.5,0.021,1603,100,0.0
2621.0,0.018,1603,99,0.0
2621.5,0.019,1603,98,0.0
2622.0,0.019,1604,98,0.0
2622.5,0.019,1604,98,0.0
2623.0,0.019,1604,98,0.0
2623.5,0.019,1605,98,0.0
2624.0,0.018,1605,98,0.0
2624.5,0.023,1605,98,0.0
2625.0,0.019,1605,98,0.0
2625.5,0.021,1606,98,0.0
2626.0,0.021,1606,98,0.0
2626.5,0.019,1606,98,0.0
2627.0,0.019,1607,98,0.0
2627.5,0.021,1607,98,0.0
2628.0,0.021,1607,99,0.0
2628.5,0.021,1608,99,0.0
2629.0,0.021,1608,99,0.0
2629.5,0.021,1608,100,0.0
2630.0,0.019,1609,100,0.0
2630.5,0.023,1609,100,0.0
2631.0,0.021,1609,101,0.0
2631.5,0.019,1609,101,0.0
2632.0,0.021,1610,100,0.0
2632.5,0.019,1610,100,0.0
2633.0,0.019,1610,100,0.0
2633.5,0.019,1611,100,0.0
2634.0,0.019,1611,99,0.0
2634.5,0.018,1611,99,0.0
2635.0,0.021,1612,99,0.6000000000000001
2635.5,0.018,1612,100,1.2000000000000002
2636.0,0.019,1612,100,0.6000000000000001
2636.5,0.021,1612,100,0.6000000000000001
2637.0,0.021,1613,100,0.0
2637.5,0.018,1613,99,0.0
2638.0,0.021,1613,99,0.0
2638.5,0.019,1614,99,0.0
2639.0,0.021,1614,99,0.6000000000000001
2639.5,0.019,1614,99,0.6000000000000001
2640.0,0.019,1615,100,0.6000000000000001
2640.5,0.018,1615,100,1.2000000000000002
2641.0,0.019,1615,100,1.2000000000000002
2641.5,0.019,1615,100,1.2000000000000002
2642.0,0.021,1616,100,1.2000000000000002
2642.5,0.019,1616,100,0.6000000000000001
2643.0,0.019,1616,100,0.6000000000000001
2643.5,0.019,1617,100,0.6000000000000001
2644.0,0.023,1617,100,0.6000000000000001
2644.5,0.019,1617,100,1.2000000000000002
2645.0,0.019,1618,100,0.6000000000000001
2645.5,0.018,1618,99,0.6000000000000001
2646.0,0.021,1618,100,0.6000000000000001
2646.5,0.019,1618,100,0.6000000000000001
2647.0,0.021,1619,100,0.6000000000000001
2647.5,0.018,1619,100,0.0
2648.0,0.019,1619,100,0.0
2648.5,0.018,1620,100,0.0
2649.0,0.019,1620,101,0.0
2649.5,0.018,1620,100,0.0
2650.0,0.021,1621,100,0.6000000000000001
2650.5,0.019,1621,100,0.0
2651.0,0.019,1621,100,0.0
2651.5,0.019,1621,100,0.0
2652.0,0.019,1622,101,0.0
2652.5,0.019,1622,101,0.0
2653.0,0.021,1622,100,0.0
2653.5,0.018,1623,100,0.0
2654.0,0.019,1623,99,0.0
2654.5,0.019,1623,99,0.0
2655.0,0.019,1624,98,0.0
2655.5,0.018,1624,98,0.0
2656.0,0.018,1624,98,0.0
2656.5,0.018,1625,98,0.0
2657.0,0.019,1625,98,0.0
2657.5,0.019,1625,99,0.0
2658.0,0.019,1626,99,0.0
2658.5,0.021,1626,98,0.0
2659.0,0.019,1626,98,0.0
2659.5,0.018,1627,98,0.0
2660.0,0.019,1627,98,0.0
2660.5,0.021,1627,99,0.0
2661.0,0.018,1627,99,0.0
2661.5,0.018,1628,99,0.0
2662.0,0.019,1628,100,0.0
2662.5,0.018,1628,101,0.0
2663.0,0.021,1629,101,0.0
2663.5,0.019,1629,101,0.0
2664.0,0.018,1629,101,0.0
2664.5,0.019,1630,100,0.0
2665.0,0.019,1630,100,0.0
2665.5,0.016,1630,100,0.0
2666.0,0.019,1630,100,0.0
2666.5,0.019,1631,99,0.0
2667.0,0.018,1631,99,0.6000000000000001
2667.5,0.018,1631,100,0.6000000000000001
2668.0,0.019,1632,100,0.6000000000000001
2668.5,0.018,1632,100,0.6000000000000001
2669.0,0.019,1632,100,0.0
2669.5,0.019,1633,99,0.0
2670.0,0.019,1633,99,0.0
2670.5,0.019,1633,99,0.0
2671.0,0.018,1633,99,0.0
2671.5,0.019,1634,99,0.6000000000000001
2672.0,0.021,1634,100,0.6000000000000001
2672.5,0.019,1634,100,1.2000000000000002
2673.0,0.021,1635,100,1.2000000000000002
2673.5,0.019,1635,100,1.2000000000000002
2674.0,0.019,1635,100,1.2000000000000002
2674.5,0.019,1636,100,0.6000000000000001
2675.0,0.021,1636,100,0.6000000000000001
2675.5,0.019,1636,100,0.0
2676.0,0.019,1636,100,0.6000000000000001
2676.5,0.018,1637,100,0.6000000000000001
2677.0,0.019,1637,100,0.6000000000000001
2677.5,0.018,1637,100,0.0
2678.0,0.021,1638,100,0.6000000000000001
2678.5,0.018,1638,100,0.6000000000000001
2679.0,0.018,1638,100,0.6000000000000001
2679.5,0.019,1639,100,0.0
2680.0,0.019,1639,101,0.0
2680.5,0.018,1639,100,0.0
2681.0,0.021,1639,101,0.0
2681.5,0.019,1640,101,0.0
2682.0,0.019,1640,101,0.0
2682.5,0.019,1640,100,0.0
2683.0,0.019,1641,100,0.0
2683.5,0.019,1641,101,0.0
2684.0,0.019,1641,101,0.0
2684.5,0.021,1642,101,0.0
2685.0,0.019,1642,101,0.0
2685.5,0.018,1642,100,0.0
2686.0,0.018,1643,99,0.0
2686.5,0.019,1643,99,0.0
2687.0,0.019,1643,99,0.0
2687.5,0.016,1643,98,0.0
2688.0,0.018,1644,98,0.0
2688.5,0.018,1644,98,0.0
2689.0,0.019,1644,98,0.0
2689.5,0.019,1645,98,0.0
2690.0,0.021,1645,99,0.0
2690.5,0.019,1645,99,0.0
2691.0,0.021,1645,99,0.0
2691.5,0.019,1646,99,0.0
2692.0,0.019,1646,99,0.0
2692.5,0.019,1646,99,0.0
2693.0,0.021,1647,99,0.0
2693.5,0.019,1647,100,0.0
2694.0,0.021,1647,99,0.0
2694.5,0.019,1648,100,0.0
2695.0,0.019,1648,101,0.0
2695.5,0.018,1648,101,0.0
2696.0,0.021,1649,101,0.0
2696.5,0.019,1649,101,0.0
2697.0,0.018,1649,100,0.0
2697.5,0.019,1649,100,0.0
2698.0,0.019,1650,100,0.0
2698.5,0.019,1650,100,0.0
2699.0,0.019,1650,99,0.0
2699.5,0.018,1651,99,0.6000000000000001
2700.0,0.019,1651,100,0.6000000000000001
2700.5,0.018,1651,100,0.6000000000000001
2701.0,0.021,1652,100,0.6000000000000001
2701.5,0.019,1652,100,0.0
2702.0,0.021,1652,99,0.0
2702.5,0.019,1652,99,0.0
2703.0,0.021,1653,99,0.0
2703.5,0.019,1653,99,0.0
2704.0,0.018,1653,99,0.6000000000000001
2704.5,0.018,1654,99,0.6000000000000001
2705.0,0.019,1654,100,1.2000000000000002
2705.5,0.018,1654,100,1.2000000000000002
2706.0,0.021,1654,100,1.2000000000000002
2706.5,0.021,1655,100,1.2000000000000002
2707.0,0.021,1655,100,1.2000000000000002
2707.5,0.021,1655,100,0.6000000000000001
2708.0,0.019,1656,99,0.6000000000000001
2708.5,0.021,1656,100,0.6000000000000001
2709.0,0.018,1656,100,1.2000000000000002
2709.5,0.019,1657,99,1.2000000000000002
2710.0,0.019,1657,99,0.6000000000000001
2710.5,0.018,1657,99,0.6000000000000001
2711.0,0.018,1658,99,0.6000000000000001
2711.5,0.019,1658,100,0.6000000000000001
2712.0,0.018,1658,100,0.6000000000000001
2712.5,0.021,1658,100,0.0
2713.0,0.021,1659,100,0.0
2713.5,0.018,1659,100,0.0
2714.0,0.018,1659,100,0.0
2714.5,0.019,1660,100,0.6000000000000001
2715.0,0.019,1660,100,0.6000000000000001
2715.5,0.023,1660,99,0.0
2716.0,0.019,1660,100,0.0
2716.5,0.019,1661,100,0.0
2717.0,0.018,1661,100,0.0
2717.5,0.019,1661,100,0.0
2718.0,0.018,1662,100,0.0
2718.5,0.021,1662,99,0.0
2719.0,0.019,1662,99,0.0
2719.5,0.018,1663,98,0.0
2720.0,0.019,1663,98,0.0
2720.5,0.021,1663,98,0.0
2721.0,0.019,1664,98,0.0
2721.5,0.023,1664,97,0.0
2722.0,0.019,1664,98,0.0
2722.5,0.019,1664,98,0.0
2723.0,0.018,1665,98,0.0
2723.5,0.021,1665,98,0.0
2724.0,0.019,1665,98,0.0
2724.5,0.021,1666,98,0.0
2725.0,0.019,1666,98,0.0
2725.5,0.019,1666,99,0.0
2726.0,0.018,1666,99,0.0
2726.5,0.021,1667,99,0.0
2727.0,0.019,1667,100,0.0
2727.5,0.021,1667,100,0.0
2728.0,0.019,1668,101,0.0
2728.5,0.023,1668,101,0.0
2729.0,0.021,1668,101,0.0
2729.5,0.023,1669,100,0.0
2730.0,0.019,1669,100,0.0
2730.5,0.019,1669,100,0.0
2731.0,0.018,1669,100,0.0
2731.5,0.018,1670,99,0.0
2732.0,0.019,1670,99,0.0
2732.5,0.019,1670,100,0.6000000000000001
2733.0,0.019,1671,100,1.2000000000000002
2733.5,0.021,1671,100,0.6000000000000001
2734.0,0.019,1671,100,0.6000000000000001
2734.5,0.019,1672,100,0.0
2735.0,0.019,1672,99,0.0
2735.5,0.018,1672,99,0.0
2736.0,0.019,1672,99,0.0
2736.5,0.018,1673,99,0.6000000000000001
2737.0,0.019,1673,99,0.6000000000000001
2737.5,0.019,1673,99,0.6000000000000001
2738.0,0.019,1674,100,1.2000000000000002
2738.5,0.019,1674,100,1.2000000000000002
2739.0,0.019,1674,100,1.2000000000000002
2739.5,0.018,1675,100,0.6000000000000001
2740.0,0.019,1675,100,0.6000000000000001
2740.5,0.018,1675,100,0.6000000000000001
2741.0,0.021,1675,99,0.6000000000000001
2741.5,0.021,1676,100,0.6000000000000001
2742.0,0.018,1676,100,1.2000000000000002
2742.5,0.019,1676,100,0.6000000000000001
2743.0,0.021,1677,99,0.6000000000000001
2743.5,0.019,1677,100,0.6000000000000001
2744.0,0.021,1677,100,0.6000000000000001
2744.5,0.019,1678,100,0.6000000000000001
2745.0,0.021,1678,100,0.0
2745.5,0.021,1678,100,0.0
2746.0,0.021,1678,100,0.0
2746.5,0.021,1679,101,0.0
2747.0,0.023,1679,100,0.0
2747.5,0.021,1679,100,0.6000000000000001
2748.0,0.021,1680,100,0.0
2748.5,0.018,1680,100,0.0
2749.0,0.019,1680,100,0.0
2749.5,0.021,1681,101,0.0
2750.0,0.023,1681,101,0.0
2750.5,0.019,1681,100,0.0
2751.0,0.021,1682,99,0.0
2751.5,0.019,1682,99,0.0
2752.0,0.018,1682,99,0.0
2752.5,0.019,1682,98,0.0
2753.0,0.021,1683,98,0.0
2753.5,0.018,1683,98,0.0
2754.0,0.019,1683,98,0.0
2754.5,0.019,1684,98,0.0
2755.0,0.019,1684,98,0.0
2755.5,0.019,1684,99,0.0
2756.0,0.023,1684,99,0.0
2756.5,0.021,1685,98,0.0
2757.0,0.019,1685,98,0.0
2757.5,0.021,1685,98,0.0
2758.0,0.023,1686,99,0.0
2758.5,0.021,1686,99,0.0
2759.0,0.023,1686,100,0.0
2759.5,0.023,1687,99,0.0
2760.0,0.023,1687,100,0.0
2760.5,0.023,1687,101,0.0
2761.0,0.023,1688,101,0.0
2761.5,0.021,1688,101,0.0
2762.0,0.021,1688,100,0.0
2762.5,0.019,1688,100,0.0
2763.0,0.021,1689,100,0.0
2763.5,0.019,1689,100,0.0
2764.0,0.021,1689,100,0.0
2764.5,0.019,1690,99,0.0
2765.0,0.021,1690,99,0.6000000000000001
2765.5,0.021,1690,100,0.6000000000000001
2766.0,0.019,1690,100,0.6000000000000001
2766.5,0.021,1691,100,0.6000000000000001
2767.0,0.023,1691,100,0.0
2767.5,0.021,1691,99,0.0
2768.0,0.024,1692,99,0.0
2768.5,0.023,1692,99,0.0
2769.0,0.023,1692,99,0.0
2769.5,0.021,1693,99,0.6000000000000001
2770.0,0.023,1693,100,0.6000000000000001
2770.5,0.019,1693,99,1.2000000000000002
2771.0,0.021,1694,100,0.6000000000000001
2771.5,0.023,1695,100,0.6000000000000001
2772.0,0.021,1695,100,0.6000000000000001
2772.5,0.023,1695,100,0.6000000000000001
2773.0,0.021,1696,100,0.6000000000000001
2773.5,0.019,1696,100,0.6000000000000001
2774.0,0.019,1696,99,0.6000000000000001
2774.5,0.021,1697,100,0.6000000000000001
2775.0,0.023,1697,100,0.6000000000000001
2775.5,0.023,1697,100,0.0
2776.0,0.023,1697,100,0.0
2776.5,0.021,1698,100,0.0
2777.0,0.021,1698,100,0.0
2777.5,0.021,1698,100,0.0
2778.0,0.021,1699,101,0.0
2778.5,0.021,1699,100,0.6000000000000001
2779.0,0.021,1699,100,0.0
2779.5,0.023,1699,100,0.0
2780.0,0.023,1700,100,0.0
2780.5,0.021,1700,101,0.0
2781.0,0.021,1700,101,0.0
2781.5,0.021,1701,100,0.0
2782.0,0.021,1701,100,0.0
2782.5,0.021,1701,99,0.0
2783.0,0.021,1702,99,0.0
2783.5,0.023,1702,98,0.0
2784.0,0.021,1702,98,0.0
2784.5,0.023,1703,98,0.0
2785.0,0.024,1703,98,0.0
2785.5,0.023,1703,98,0.0
2786.0,0.023,1703,98,0.0
2786.5,0.021,1704,98,0.0
2787.0,0.021,1704,99,0.0
2787.5,0.023,1704,98,0.0
2788.0,0.024,1705,98,0.0
2788.5,0.021,1705,99,0.0
2789.0,0.023,1705,98,0.0
2789.5,0.021,1705,99,0.0
2790.0,0.021,1706,100,0.0
2790.5,0.021,1706,99,0.0
2791.0,0.023,1706,100,0.0
2791.5,0.023,1707,101,0.0
2792.0,0.024,1707,101,0.0
2792.5,0.024,1707,101,0.0
2793.0,0.024,1708,101,0.0
2793.5,0.023,1708,100,0.0
2794.0,0.024,1708,100,0.0
2794.5,0.021,1708,100,0.0
2795.0,0.021,1709,100,0.0
2795.5,0.021,1709,99,0.0
2796.0,0.021,1709,99,0.6000000000000001
2796.5,0.021,1710,100,0.6000000000000001
2797.0,0.024,1710,100,0.6000000000000001
2797.5,0.023,1710,100,0.6000000000000001
2798.0,0.024,1711,100,0.0
2798.5,0.024,1711,99,0.0
2799.0,0.023,1711,99,0.0
2799.5,0.021,1712,99,0.0
2800.0,0.023,1712,99,0.6000000000000001
2800.5,0.023,1712,99,0.6000000000000001
2801.0,0.023,1712,99,0.6000000000000001
2801.5,0.023,1713,99,1.2000000000000002
2802.0,0.023,1713,99,1.2000000000000002
2802.5,0.024,1713,100,1.2000000000000002
2803.0,0.023,1714,100,1.2000000000000002
2803.5,0.021,1714,100,1.2000000000000002
2804.0,0.021,1714,100,0.6000000000000001
2804.5,0.021,1714,100,0.6000000000000001
2805.0,0.023,1715,99,0.6000000000000001
2805.5,0.023,1715,99,1.2000000000000002
2806.0,0.024,1715,99,1.2000000000000002
2806.5,0.023,1716,99,0.6000000000000001
2807.0,0.024,1716,99,0.6000000000000001
2807.5,0.021,1716,99,0.6000000000000001
2808.0,0.024,1717,100,0.6000000000000001
2808.5,0.023,1717,100,0.6000000000000001
2809.0,0.023,1717,100,0.0
2809.5,0.021,1717,100,0.0
2810.0,0.024,1718,100,0.0
2810.5,0.023,1718,100,0.0
2811.0,0.023,1718,100,0.6000000000000001
2811.5,0.023,1719,100,0.0
2812.0,0.023,1719,100,0.0
2812.5,0.023,1719,100,0.0
2813.0,0.023,1720,100,0.0
2813.5,0.024,1720,101,0.0
2814.0,0.023,1720,100,0.0
2814.5,0.024,1721,100,0.0
2815.0,0.023,1721,99,0.0
2815.5,0.021,1721,99,0.0
2816.0,0.023,1721,98,0.0
2816.5,0.023,1722,98,0.0
2817.0,0.019,1722,98,0.0
2817.5,0.023,1722,98,0.0
2818.0,0.023,1723,98,0.0
2818.5,0.023,1723,98,0.0
2819.0,0.023,1723,98,0.0
2819.5,0.023,1723,99,0.0
2820.0,0.021,1724,99,0.0
2820.5,0.023,1724,98,0.0
2821.0,0.023,1724,98,0.0
2821.5,0.021,1725,98,0.0
2822.0,0.021,1725,99,0.0
2822.5,0.024,1725,100,0.0
2823.0,0.024,1726,100,0.0
2823.5,0.024,1726,100,0.0
2824.0,0.024,1726,101,0.0
2824.5,0.023,1727,101,0.0
2825.0,0.021,1727,101,0.0
2825.5,0.021,1727,101,0.0
2826.0,0.019,1727,101,0.0
2826.5,0.023,1728,101,0.0
2827.0,0.021,1728,100,0.0
2827.5,0.023,1728,100,0.0
2828.0,0.021,1729,100,0.0
2828.5,0.021,1729,99,0.0
2829.0,0.019,1729,100,0.6000000000000001
2829.5,0.021,1730,101,0.6000000000000001
2830.0,0.021,1730,100,0.6000000000000001
2830.5,0.023,1730,100,0.0
2831.0,0.021,1730,100,0.0
2831.5,0.024,1731,99,0.0
2832.0,0.023,1731,99,0.0
2832.5,0.023,1731,99,0.0
2833.0,0.023,1732,99,0.6000000000000001
2833.5,0.023,1732,99,0.6000000000000001
2834.0,0.019,1732,100,0.6000000000000001
2834.5,0.023,1732,100,1.2000000000000002
2835.0,0.023,1733,100,1.2000000000000002
2835.5,0.024,1733,100,1.2000000000000002
2836.0,0.023,1733,100,1.2000000000000002
2836.5,0.023,1734,100,0.6000000000000001
2837.0,0.019,1734,100,0.6000000000000001
2837.5,0.023,1734,100,0.6000000000000001
2838.0,0.021,1735,99,0.6000000000000001
2838.5,0.021,1735,100,1.2000000000000002
2839.0,0.019,1735,99,0.6000000000000001
2839.5,0.023,1736,99,0.6000000000000001
2840.0,0.021,1736,99,1.2000000000000002
2840.5,0.024,1736,100,0.6000000000000001
2841.0,0.023,1736,100,0.6000000000000001
2841.5,0.023,1737,100,0.0
2842.0,0.021,1737,100,0.0
2842.5,0.021,1737,100,0.0
2843.0,0.021,1738,100,0.0
2843.5,0.024,1738,100,0.0
2844.0,0.023,1738,100,0.6000000000000001
2844.5,0.024,1739,100,0.0
2845.0,0.023,1739,100,0.0
2845.5,0.024,1739,100,0.0
2846.0,0.023,1739,101,0.0
2846.5,0.023,1740,101,0.0
2847.0,0.023,1740,100,0.0
2847.5,0.023,1740,100,0.0
2848.0,0.021,1741,99,0.0
2848.5,0.021,1741,99,0.0
2849.0,0.019,1741,98,0.0
2849.5,0.021,1742,98,0.0
2850.0,0.021,1742,98,0.0
2850.5,0.021,1742,98,0.0
2851.0,0.021,1742,98,0.0
2851.5,0.023,1743,98,0.0
2852.0,0.021,1743,99,0.0
2852.5,0.019,1743,99,0.0
2853.0,0.023,1744,99,0.0
2853.5,0.021,1744,99,0.0
2854.0,0.023,1744,98,0.0
2854.5,0.021,1745,99,0.0
2855.0,0.021,1745,100,0.0
2855.5,0.023,1745,100,0.0
2856.0,0.021,1745,100,0.0
2856.5,0.023,1746,101,0.0
2857.0,0.023,1746,101,0.0
2857.5,0.023,1746,101,0.0
2858.0,0.023,1747,101,0.0
2858.5,0.023,1747,101,0.0
2859.0,0.021,1747,100,0.0
2859.5,0.021,1748,100,0.0
2860.0,0.021,1748,100,0.0
2860.5,0.021,1748,100,0.0
2861.0,0.023,1748,99,0.0
2861.5,0.023,1749,100,0.6000000000000001
2862.0,0.023,1749,100,0.6000000000000001
2862.5,0.023,1749,100,0.6000000000000001
2863.0,0.021,1750,100,0.6000000000000001
2863.5,0.021,1750,100,0.0
2864.0,0.021,1750,99,0.0
2864.5,0.021,1751,99,0.0
2865.0,0.021,1751,99,0.0
2865.5,0.019,1751,99,0.6000000000000001
2866.0,0.021,1752,100,0.6000000000000001
2866.5,0.023,1752,100,1.2000000000000002
2867.0,0.023,1752,100,1.2000000000000002
2867.5,0.021,1753,100,1.2000000000000002
2868.0,0.021,1753,100,1.2000000000000002
2868.5,0.023,1753,100,0.6000000000000001
2869.0,0.023,1754,100,0.6000000000000001
2869.5,0.023,1754,100,0.0
2870.0,0.023,1754,100,0.6000000000000001
2870.5,0.023,1754,100,0.6000000000000001
2871.0,0.021,1755,100,0.6000000000000001
2871.5,0.021,1755,100,0.6000000000000001
2872.0,0.021,1755,100,0.6000000000000001
2872.5,0.023,1756,100,0.6000000000000001
2873.0,0.021,1756,100,0.6000000000000001
2873.5,0.023,1756,100,0.0
2874.0,0.023,1757,100,0.0
2874.5,0.024,1757,100,0.0
2875.0,0.023,1757,100,0.0
2875.5,0.024,1757,100,0.0
2876.0,0.021,1758,100,0.6000000000000001
2876.5,0.021,1758,100,0.0
2877.0,0.021,1758,100,0.0
2877.5,0.023,1759,100,0.0
2878.0,0.021,1759,101,0.0
2878.5,0.024,1759,101,0.0
2879.0,0.023,1760,100,0.0
2879.5,0.024,1760,100,0.0
2880.0,0.023,1760,99,0.0
2880.5,0.024,1761,99,0.0
2881.0,0.024,1761,98,0.0
2881.5,0.024,1761,98,0.0
2882.0,0.021,1761,98,0.0
2882.5,0.023,1762,98,0.0
2883.0,0.021,1762,98,0.0
2883.5,0.023,1762,98,0.0
2884.0,0.023,1763,99,0.0
2884.5,0.021,1763,99,0.0
2885.0,0.023,1763,98,0.0
2885.5,0.021,1763,99,0.0
2886.0,0.021,1764,99,0.0
2886.5,0.024,1764,99,0.0
2887.0,0.021,1764,99,0.0
2887.5,0.023,1765,100,0.0
2888.0,0.024,1765,99,0.0
2888.5,0.024,1765,100,0.0
2889.0,0.024,1766,101,0.0
2889.5,0.026,1766,101,0.0
2890.0,0.023,1766,101,0.0
2890.5,0.023,1766,100,0.0
2891.0,0.021,1767,100,0.0
2891.5,0.024,1767,100,0.0
2892.0,0.023,1767,100,0.0
2892.5,0.024,1768,100,0.0
2893.0,0.023,1768,99,0.0
2893.5,0.023,1768,100,0.6000000000000001
2894.0,0.023,1769,100,0.6000000000000001
2894.5,0.023,1769,100,0.6000000000000001
2895.0,0.023,1769,100,0.6000000000000001
2895.5,0.024,1770,100,0.0
2896.0,0.023,1770,99,0.0
2896.5,0.023,1770,99,0.0
2897.0,0.023,1770,99,0.0
2897.5,0.023,1771,99,0.6000000000000001
2898.0,0.021,1771,99,0.6000000000000001
2898.5,0.023,1771,99,0.6000000000000001
2899.0,0.021,1772,99,0.6000000000000001
2899.5,0.023,1772,100,1.2000000000000002
2900.0,0.023,1772,100,1.2000000000000002
2900.5,0.023,1772,100,0.6000000000000001
2901.0,0.023,1773,100,0.6000000000000001
2901.5,0.024,1773,99,0.6000000000000001
2902.0,0.023,1773,99,0.6000000000000001
2902.5,0.021,1774,99,0.6000000000000001
2903.0,0.021,1774,99,0.6000000000000001
2903.5,0.021,1774,99,0.6000000000000001
2904.0,0.021,1775,99,0.6000000000000001
2904.5,0.023,1775,99,0.6000000000000001
2905.0,0.023,1775,100,0.6000000000000001
2905.5,0.021,1776,100,0.6000000000000001
2906.0,0.024,1776,100,0.0
2906.5,0.023,1776,100,0.0
2907.0,0.023,1776,100,0.0
2907.5,0.023,1777,100,0.0
2908.0,0.023,1777,100,0.0
2908.5,0.024,1777,100,0.6000000000000001
2909.0,0.024,1778,100,0.0
2909.5,0.024,1778,99,0.0
2910.0,0.023,1778,100,0.0
2910.5,0.021,1778,100,0.0
2911.0,0.021,1779,100,0.0
2911.5,0.019,1779,100,0.0
2912.0,0.024,1779,100,0.0
2912.5,0.021,1780,99,0.0
2913.0,0.021,1780,99,0.0
2913.5,0.021,1780,98,0.0
2914.0,0.021,1781,98,0.0
2914.5,0.019,1781,98,0.0
2915.0,0.023,1781,98,0.0
2915.5,0.023,1781,98,0.0
2916.0,0.021,1782,98,0.0
2916.5,0.021,1782,98,0.0
2917.0,0.023,1782,99,0.0
2917.5,0.023,1783,99,0.0
2918.0,0.023,1783,98,0.0
2918.5,0.023,1783,99,0.0
2919.0,0.023,1784,98,0.0
2919.5,0.024,1784,98,0.0
2920.0,0.024,1784,99,0.0
2920.5,0.024,1784,99,0.0
2921.0,0.024,1785,100,0.0
2921.5,0.023,1785,100,0.0
2922.0,0.023,1785,101,0.0
2922.5,0.021,1786,101,0.0
2923.0,0.023,1786,101,0.0
2923.5,0.021,1786,100,0.0
2924.0,0.021,1787,100,0.0
2924.5,0.021,1787,100,0.0
2925.0,0.019,1787,100,0.0
2925.5,0.021,1787,99,0.0
2926.0,0.021,1788,99,0.0
2926.5,0.021,1788,100,0.6000000000000001
2927.0,0.023,1788,100,0.6000000000000001
2927.5,0.023,1789,100,0.6000000000000001
2928.0,0.021,1789,100,0.0
2928.5,0.023,1789,99,0.0
2929.0,0.021,1790,99,0.0
2929.5,0.021,1790,99,0.0
2930.0,0.019,1790,99,0.0
2930.5,0.021,1790,99,0.6000000000000001
2931.0,0.021,1791,100,0.6000000000000001
2931.5,0.023,1791,100,0.6000000000000001
2932.0,0.023,1791,100,1.2000000000000002
2932.5,0.023,1792,100,1.2000000000000002
2933.0,0.023,1792,100,1.2000000000000002
2933.5,0.023,1792,100,0.6000000000000001
2934.0,0.021,1793,100,0.6000000000000001
2934.5,0.024,1793,99,0.6000000000000001
2935.0,0.023,1793,99,0.0
2935.5,0.023,1793,100,0.6000000000000001
2936.0,0.021,1794,99,0.6000000000000001
2936.5,0.019,1794,100,0.6000000000000001
2937.0,0.019,1794,99,0.6000000000000001
2937.5,0.021,1795,99,0.6000000000000001
2938.0,0.019,1795,99,0.6000000000000001
2938.5,0.023,1795,101,0.6000000000000001
2939.0,0.021,1796,100,0.0
2939.5,0.023,1796,100,0.0
2940.0,0.023,1796,100,0.0
2940.5,0.024,1796,100,0.0
2941.0,0.023,1797,100,0.0
2941.5,0.023,1797,100,0.6000000000000001
2942.0,0.021,1797,100,0.0
2942.5,0.021,1798,100,0.0
2943.0,0.021,1798,100,0.0
2943.5,0.024,1798,101,0.0
2944.0,0.023,1799,100,0.0
2944.5,0.021,1799,100,0.0
2945.0,0.021,1799,99,0.0
2945.5,0.021,1800,99,0.0
2946.0,0.019,1800,99,0.0
2946.5,0.023,1800,0,0.0
2947.0,0.021,1800,0,0.0
2947.5,0.019,1800,0,1.2000000000000002
2948.0,0.016,1800,0,4.800000000000001
2948.5,0.015,1800,0,7.2
2949.0,0.011,1800,0,8.5
2949.5,0.01,1800,0,8.5
2950.0,0.01,1800,0,7.9
2950.5,0.011,1800,0,7.300000000000001
2951.0,0.011,1800,0,6.0
2951.5,0.011,1800,0,5.4
2952.0,0.011,1800,0,4.800000000000001
2952.5,0.011,1800,0,3.6
2953.0,0.013,1800,0,2.4000000000000004
2953.5,0.011,1800,0,1.8
2954.0,0.013,1800,0,1.2000000000000002
2954.5,0.013,1800,0,0.6000000000000001
2955.0,0.013,1800,0,0.0
2955.5,0.011,1800,0,0.0
2956.0,0.011,1800,0,0.0
2956.5,0.011,1800,0,0.0
2957.0,0.013,1800,0,0.0
2957.5,0.011,1800,0,0.0
2958.0,0.011,1800,0,0.0
2958.5,0.013,1800,0,0.0
2959.0,0.013,1800,0,0.0
2959.5,0.013,1800,0,0.0
2960.0,0.015,1800,0,0.0
2960.5,0.013,1800,0,0.0
2961.0,0.013,1800,0,0.0
2961.5,0.013,1800,0,0.0
2962.0,0.015,1800,0,0.0
2962.5,0.015,1800,0,0.0
2963.0,0.015,1800,0,0.0
2963.5,0.015,1800,0,0.0
2964.0,0.013,1800,0,0.0
2964.5,0.013,1800,0,0.0
2965.0,0.015,1800,0,0.0
2965.5,0.015,1800,0,0.0
2966.0,0.015,1800,0,0.0
2966.5,0.015,1800,0,0.0
2967.0,0.015,1800,0,0.0
2967.5,0.015,1800,0,0.0
2968.0,0.016,1800,0,0.0
2968.5,0.015,1800,0,0.0
2969.0,0.015,1800,0,0.0
2969.5,0.015,1800,0,0.0
2970.0,0.015,1800,0,0.0
2970.5,0.015,1800,0,0.0
2971.0,0.015,1800,0,0.0
2971.5,0.016,1800,0,0.0
2972.0,0.016,1800,0,0.0
2972.5,0.015,1800,0,0.0
2973.0,0.013,1800,0,0.0
2973.5,0.015,1800,0,0.0
2974.0,0.015,1800,0,0.0
2974.5,0.015,1800,0,0.0
2975.0,0.015,1800,0,0.0
2975.5,0.015,1800,0,0.0
2976.0,0.015,1800,0,0.0
2976.5,0.015,1800,0,0.0
2977.0,0.015,1800,0,0.0
2977.5,0.015,1800,0,0.0
2978.0,0.015,1800,0,0.0
2978.5,0.015,1800,0,0.0
2979.0,0.015,1800,0,0.0
2979.5,0.015,1800,0,0.0
2980.0,0.013,1800,0,0.0
2980.5,0.015,1800,0,0.0
2981.0,0.013,1800,0,0.0
2981.5,0.015,1800,0,0.0
2982.0,0.015,1800,0,0.0
2982.5,0.013,1800,0,0.0
2983.0,0.015,1800,0,0.0
2983.5,0.013,1800,0,0.0
2984.0,0.015,1800,0,0.0
2984.5,0.015,1800,0,0.0
2985.0,0.015,1800,0,0.0
2985.5,0.013,1800,0,0.0
2986.0,0.013,1800,0,0.0
2986.5,0.013,1800,0,0.0
2987.0,0.015,1800,0,0.0
2987.5,0.013,1800,0,0.0
2988.0,0.015,1800,0,0.0
2988.5,0.015,1800,0,0.0
2989.0,0.015,1800,0,0.0
2989.5,0.015,1800,0,0.0
2990.0,0.015,1800,0,0.0
2990.5,0.015,1800,0,0.0
2991.0,0.013,1800,0,0.0
2991.5,0.015,1800,0,0.0
2992.0,0.015,1800,0,0.0
2992.5,0.013,1800,0,0.0
2993.0,0.013,1800,0,0.0
2993.5,0.013,1800,0,0.0
2994.0,0.015,1800,0,0.0
2994.5,0.015,1800,0,0.0
2995.0,0.015,1800,0,0.0
2995.5,0.013,1800,0,0.0
2996.0,0.015,1800,0,0.0
2996.5,0.015,1800,0,0.0
2997.0,0.013,1800,0,0.0
2997.5,0.013,1800,0,0.0
2998.0,0.015,1800,0,0.0
2998.5,0.015,1800,0,0.0
2999.0,0.015,1800,0,0.0
2999.5,0.015,1800,0,0.0
3000.0,0.015,1800,0,0.0
3000.5,0.013,1800,0,0.0
3001.0,0.013,1800,0,0.0
3001.5,0.013,1800,0,0.0
3002.0,0.013,1800,0,0.0
3002.5,0.013,1800,0,0.0
3003.0,0.015,1800,0,0.0
3003.5,0.015,1800,0,0.0
3004.0,0.015,1800,0,0.0
3004.5,0.015,1800,0,0.0
3005.0,0.015,1800,0,0.0
3005.5,0.013,1800,0,0.0
3006.0,0.015,1800,0,0.0
3006.5,0.015,1800,0,0.0
3007.0,0.015,1800,0,0.0
3007.5,0.015,1800,0,0.0
3008.0,0.015,1800,0,0.0
3008.5,0.013,1800,0,0.0
3009.0,0.013,1800,0,0.0
3009.5,0.015,1800,0,0.0
3010.0,0.013,1800,0,0.0
3010.5,0.013,1800,0,0.0
3011.0,0.015,1800,0,0.0
3011.5,0.015,1800,0,0.0
3012.0,0.015,1800,0,0.0
3012.5,0.015,1800,0,0.0
3013.0,0.015,1800,0,0.0
3013.5,0.013,1800,0,0.0
3014.0,0.015,1800,0,0.0
3014.5,0.015,1800,0,0.0
3015.0,0.013,1800,0,0.0
3015.5,0.015,1800,0,0.0
3016.0,0.015,1800,0,0.0
3016.5,0.015,1800,0,0.0
3017.0,0.013,1800,0,0.0
3017.5,0.015,1800,0,0.0
3018.0,0.015,1800,0,0.0
3018.5,0.015,1800,0,0.0
3019.0,0.015,1800,0,0.0
3019.5,0.013,1800,0,0.0
3020.0,0.015,1800,0,0.0
3020.5,0.015,1800,0,0.0
3021.0,0.015,1800,0,0.0
3021.5,0.013,1800,0,0.0
3022.0,0.015,1800,0,0.0
3022.5,0.013,1800,0,0.0
3023.0,0.013,1800,0,0.0
3023.5,0.015,1800,0,0.0
3024.0,0.013,1800,0,0.0
3024.5,0.015,1800,0,0.0
3025.0,0.013,1800,0,0.0
3025.5,0.015,1800,0,0.0
3026.0,0.015,1800,0,0.0
3026.5,0.015,1800,0,0.0
3027.0,0.013,1800,0,0.0
3027.5,0.015,1800,0,0.0
3028.0,0.013,1800,0,0.0
3028.5,0.015,1800,0,0.0
3029.0,0.015,1800,0,0.0
3029.5,0.013,1800,0,0.0
3030.0,0.013,1800,0,0.0
3030.5,0.013,1800,0,0.0
3031.0,0.015,1800,0,0.0
3031.5,0.015,1800,0,0.0
3032.0,0.013,1800,0,0.0
3032.5,0.013,1800,0,0.0
3033.0,0.013,1800,0,0.0
3033.5,0.015,1800,0,0.0
3034.0,0.013,1800,0,0.0
3034.5,0.013,1800,0,0.0
3035.0,0.015,1800,0,0.0
3035.5,0.015,1800,0,0.0
3036.0,0.015,1800,0,0.0
3036.5,0.015,1800,0,0.0
3037.0,0.013,1800,0,0.0
3037.5,0.015,1800,0,0.0
3038.0,0.013,1800,0,0.0
3038.5,0.013,1800,0,0.0
3039.0,0.015,1800,0,0.0
3039.5,0.013,1800,0,0.0
3040.0,0.015,1800,0,0.0
3040.5,0.015,1800,0,0.0
3041.0,0.015,1800,0,0.0
3041.5,0.013,1800,0,0.0
3042.0,0.013,1800,0,0.0
3042.5,0.013,1800,0,0.0
3043.0,0.013,1800,0,0.0
3043.5,0.015,1800,0,0.0
3044.0,0.015,1800,0,0.0
3044.5,0.015,1800,0,0.0
3045.0,0.015,1800,0,0.0
3045.5,0.015,1800,0,0.0
3046.0,0.013,1800,0,0.0
3046.5,0.015,1800,0,0.0
3047.0,0.013,1800,0,0.0
3047.5,0.015,1800,0,0.0
3048.0,0.013,1800,0,0.0
3048.5,0.013,1800,0,0.0
3049.0,0.015,1800,0,0.0
3049.5,0.013,1800,0,0.0
3050.0,0.013,1800,0,0.0
3050.5,0.015,1800,0,0.0
3051.0,0.013,1800,0,0.0
3051.5,0.015,1800,0,0.0
3052.0,0.013,1800,0,0.0
3052.5,0.015,1800,0,0.0
3053.0,0.013,1800,0,0.0
3053.5,0.013,1800,0,0.0
3054.0,0.013,1800,0,0.0
3054.5,0.015,1800,0,0.0
3055.0,0.015,1800,0,0.0
3055.5,0.013,1800,0,0.0
3056.0,0.015,1800,0,0.0
3056.5,0.013,1800,0,0.0
